121.49765728333334,31.28505133333333,1
121.49765728333334,31.28505133333333,1
121.49765728333334,31.28505133333333,1
121.49765728333334,31.28505133333333,1
121.4976576,31.285050983333335,1
121.4976576,31.285050983333335,1
121.49764925,31.28505305,1
121.49764925,31.28505305,1
121.49763583333333,31.285056216666668,1
121.49763583333333,31.285056216666668,1
121.49762518333333,31.285058766666666,1
121.49762518333333,31.285058766666666,1
121.49761455,31.285065933333332,1
121.49761455,31.285065933333332,1
121.49760615,31.28506985,1
121.49760615,31.28506985,1
121.49758081666667,31.285082966666668,1
121.49758081666667,31.285082966666668,1
121.49756581666666,31.285089233333334,1
121.49756581666666,31.285089233333334,1
121.4975546,31.285094633333333,1
121.4975546,31.285094633333333,1
121.49754198333333,31.28510245,1
121.49754198333333,31.28510245,1
121.49753313333333,31.285106366666668,1
121.49753313333333,31.285106366666668,1
121.49752366666667,31.285114083333333,1
121.49752366666667,31.285114083333333,1
121.49751571666667,31.285118583333333,1
121.49751571666667,31.285118583333333,1
121.49750696666666,31.285123516666665,1
121.49750696666666,31.285123516666665,1
121.49749026666667,31.285130266666666,1
121.49749026666667,31.285130266666666,1
121.4974744,31.285137016666667,1
121.4974744,31.285137016666667,1
121.49745758333333,31.285142783333335,1
121.49745758333333,31.285142783333335,1
121.49744285,31.285144483333333,1
121.49744285,31.285144483333333,1
121.49742728333334,31.285151583333334,1
121.49742728333334,31.285151583333334,1
121.49740921666667,31.28515995,1
121.49740921666667,31.28515995,1
121.49739323333333,31.285167933333334,1
121.49739323333333,31.285167933333334,1
121.49737958333333,31.285175016666667,1
121.49737958333333,31.285175016666667,1
121.49736466666667,31.28518215,1
121.49736466666667,31.28518215,1
121.4973507,31.285187783333335,1
121.4973507,31.285187783333335,1
121.49733593333333,31.2851962,1
121.49733593333333,31.2851962,1
121.49732491666667,31.285201533333332,1
121.49732491666667,31.285201533333332,1
121.49731173333333,31.285207233333335,1
121.49731173333333,31.285207233333335,1
121.49729856666667,31.2852123,1
121.49729856666667,31.2852123,1
121.4972887,31.285217016666667,1
121.4972887,31.285217016666667,1
121.49727473333333,31.285224483333334,1
121.49727473333333,31.285224483333334,1
121.49726046666666,31.285231366666668,1
121.49726046666666,31.285231366666668,1
121.4972467,31.285239866666668,1
121.4972467,31.285239866666668,1
121.49723045,31.28524588333333,1
121.49723045,31.28524588333333,1
121.4972117,31.285252633333332,1
121.4972117,31.285252633333332,1
121.49719201666667,31.285260883333333,1
121.49719201666667,31.285260883333333,1
121.49717093333334,31.285271283333334,1
121.49717093333334,31.285271283333334,1
121.49715255,31.285282133333332,1
121.49715255,31.285282133333332,1
121.4971382,31.285291233333332,1
121.4971382,31.285291233333332,1
121.49712198333333,31.285300683333332,1
121.49712198333333,31.285300683333332,1
121.49710808333333,31.28530895,1
121.49710808333333,31.28530895,1
121.49709446666667,31.285316233333333,1
121.49709446666667,31.285316233333333,1
121.4970823,31.2853251,1
121.4970823,31.2853251,1
121.49707131666666,31.285330633333334,1
121.49707131666666,31.285330633333334,1
121.49705913333334,31.285336783333335,1
121.49705913333334,31.285336783333335,1
121.49704743333334,31.2853423,1
121.49704743333334,31.2853423,1
121.49703476666667,31.28534915,1
121.49703476666667,31.28534915,1
121.49702165,31.285354716666667,1
121.49702165,31.285354716666667,1
121.49700938333334,31.28536065,1
121.49700938333334,31.28536065,1
121.49699493333334,31.285364966666666,1
121.49699493333334,31.285364966666666,1
121.49698028333333,31.285368599999998,1
121.49698028333333,31.285368599999998,1
121.49696625,31.285375166666668,1
121.49696625,31.285375166666668,1
121.49694895,31.285382,1
121.49694895,31.285382,1
121.49693076666667,31.285388966666666,1
121.49693076666667,31.285388966666666,1
121.49691218333334,31.28539575,1
121.49691218333334,31.28539575,1
121.4968936,31.285401566666668,1
121.4968936,31.285401566666668,1
121.49687541666667,31.2854063,1
121.49687541666667,31.2854063,1
121.49685818333333,31.28541065,1
121.49685818333333,31.28541065,1
121.496843,31.285415466666667,1
121.496843,31.285415466666667,1
121.4968277,31.285420866666666,1
121.4968277,31.285420866666666,1
121.49681206666666,31.285426066666666,1
121.49681206666666,31.285426066666666,1
121.4967972,31.285433233333332,1
121.4967972,31.285433233333332,1
121.49678233333333,31.2854403,1
121.49678233333333,31.2854403,1
121.496767,31.285445583333335,1
121.496767,31.285445583333335,1
121.49675028333333,31.285450016666665,1
121.49675028333333,31.285450016666665,1
121.49673443333333,31.285455333333335,1
121.49673443333333,31.285455333333335,1
121.49671641666667,31.285460733333334,1
121.49671641666667,31.285460733333334,1
121.49669976666667,31.28546775,1
121.49669976666667,31.28546775,1
121.4966845,31.285475333333334,1
121.4966845,31.285475333333334,1
121.49667081666666,31.28548295,1
121.49667081666666,31.28548295,1
121.49665818333334,31.28548905,1
121.49665818333334,31.28548905,1
121.49664475,31.285493816666666,1
121.49664475,31.285493816666666,1
121.49663245,31.28549515,1
121.49663245,31.28549515,1
121.49661958333333,31.285496416666668,1
121.49661958333333,31.285496416666668,1
121.49660483333334,31.285499866666665,1
121.49660483333334,31.285499866666665,1
121.49658991666666,31.285506,1
121.49658991666666,31.285506,1
121.49657401666667,31.28551175,1
121.49657401666667,31.28551175,1
121.4965599,31.2855185,1
121.4965599,31.2855185,1
121.49654388333333,31.285525766666666,1
121.49654388333333,31.285525766666666,1
121.49652825,31.285533583333333,1
121.49652825,31.285533583333333,1
121.49651608333333,31.28553635,1
121.49651608333333,31.28553635,1
121.49650318333333,31.285538283333334,1
121.49650318333333,31.285538283333334,1
121.49649023333333,31.285539833333335,1
121.49649023333333,31.285539833333335,1
121.49647881666667,31.285543033333333,1
121.49647881666667,31.285543033333333,1
121.49646488333333,31.28554745,1
121.49646488333333,31.28554745,1
121.49645158333334,31.285553916666668,1
121.49645158333334,31.285553916666668,1
121.49643743333333,31.285558116666667,1
121.49643743333333,31.285558116666667,1
121.49642363333334,31.285560566666668,1
121.49642363333334,31.285560566666668,1
121.4964061,31.285565466666668,1
121.4964061,31.285565466666668,1
121.4963869,31.285570916666668,1
121.4963869,31.285570916666668,1
121.49636763333334,31.285576866666666,1
121.49636763333334,31.285576866666666,1
121.49635003333333,31.285583133333333,1
121.49635003333333,31.285583133333333,1
121.49633221666667,31.285590833333334,1
121.49633221666667,31.285590833333334,1
121.49631538333334,31.285598533333335,1
121.49631538333334,31.285598533333335,1
121.49629905,31.285605983333333,1
121.49629905,31.285605983333333,1
121.49628668333334,31.285610366666667,1
121.49628668333334,31.285610366666667,1
121.49627188333334,31.285615483333334,1
121.49627188333334,31.285615483333334,1
121.49625468333333,31.285621133333333,1
121.49625468333333,31.285621133333333,1
121.49623711666666,31.285625666666668,1
121.49623711666666,31.285625666666668,1
121.49621975,31.285633066666666,1
121.49621975,31.285633066666666,1
121.49620408333334,31.285638766666665,1
121.49620408333334,31.285638766666665,1
121.49619111666667,31.285644116666667,1
121.49619111666667,31.285644116666667,1
121.4961794,31.285648266666666,1
121.4961794,31.285648266666666,1
121.4961663,31.285652816666666,1
121.4961663,31.285652816666666,1
121.49615256666667,31.285658466666668,1
121.49615256666667,31.285658466666668,1
121.49613866666667,31.285664033333333,1
121.49613866666667,31.285664033333333,1
121.49612708333333,31.2856696,1
121.49612708333333,31.2856696,1
121.49611546666667,31.2856756,1
121.49611546666667,31.2856756,1
121.4961023,31.28568275,1
121.4961023,31.28568275,1
121.49608748333333,31.285690716666668,1
121.49608748333333,31.285690716666668,1
121.4960733,31.285697816666666,1
121.4960733,31.285697816666666,1
121.49605951666666,31.285704366666668,1
121.49605951666666,31.285704366666668,1
121.49604783333334,31.28571105,1
121.49604783333334,31.28571105,1
121.49603545,31.285717533333333,1
121.49603545,31.285717533333333,1
121.49602093333333,31.285725116666665,1
121.49602093333333,31.285725116666665,1
121.4960113,31.285730833333332,1
121.4960113,31.285730833333332,1
121.49600181666666,31.285740183333335,1
121.49600181666666,31.285740183333335,1
121.4959939,31.28575265,1
121.4959939,31.28575265,1
121.4959865,31.285765883333333,1
121.4959865,31.285765883333333,1
121.49598248333334,31.285779383333335,1
121.49598248333334,31.285779383333335,1
121.49598098333334,31.2857947,1
121.49598098333334,31.2857947,1
121.49597888333334,31.28581325,1
121.49597888333334,31.28581325,1
121.49598116666667,31.285832166666665,1
121.49598116666667,31.285832166666665,1
121.49598405,31.285851216666668,1
121.49598405,31.285851216666668,1
121.49599108333334,31.285867533333334,1
121.49599108333334,31.285867533333334,1
121.49599505,31.285885066666665,1
121.49599505,31.285885066666665,1
121.4960044,31.2859002,1
121.4960044,31.2859002,1
121.49601326666667,31.285916,1
121.49601326666667,31.285916,1
121.4960193,31.28592925,1
121.4960193,31.28592925,1
121.49602783333333,31.285943133333333,1
121.49602783333333,31.285943133333333,1
121.4960362,31.285953783333333,1
121.4960362,31.285953783333333,1
121.49604285,31.28596425,1
121.49604285,31.28596425,1
121.49605221666667,31.285975816666667,1
121.49605221666667,31.285975816666667,1
121.49606013333333,31.2859884,1
121.49606013333333,31.2859884,1
121.49606546666666,31.28599895,1
121.49606546666666,31.28599895,1
121.49607118333333,31.2860093,1
121.49607118333333,31.2860093,1
121.49607685,31.286019716666665,1
121.49607685,31.286019716666665,1
121.49608626666667,31.286028783333332,1
121.49608626666667,31.286028783333332,1
121.49609341666667,31.286035233333333,1
121.49609341666667,31.286035233333333,1
121.49610058333333,31.286044733333334,1
121.49610058333333,31.286044733333334,1
121.49610446666667,31.286060283333335,1
121.49610446666667,31.286060283333335,1
121.4961122,31.286072283333333,1
121.4961122,31.286072283333333,1
121.4961233,31.286084183333333,1
121.4961233,31.286084183333333,1
121.49613405,31.28609755,1
121.49613405,31.28609755,1
121.496146,31.286109116666665,1
121.496146,31.286109116666665,1
121.4961599,31.286121566666665,1
121.4961599,31.286121566666665,1
121.49617398333334,31.286137533333335,1
121.49617398333334,31.286137533333335,1
121.49618863333333,31.28615615,1
121.49618863333333,31.28615615,1
121.49619748333333,31.28617725,1
121.49619748333333,31.28617725,1
121.49620431666666,31.286198,1
121.49620431666666,31.286198,1
121.49621083333334,31.286216,1
121.49621083333334,31.286216,1
121.49621608333334,31.286233283333335,1
121.49621608333334,31.286233283333335,1
121.49622148333333,31.28624995,1
121.49622148333333,31.28624995,1
121.49622436666667,31.2862651,1
121.49622436666667,31.2862651,1
121.49623011666667,31.28627506666667,1
121.49623011666667,31.28627506666667,1
121.49623418333333,31.286284733333332,1
121.49623418333333,31.286284733333332,1
121.49623513333333,31.2862936,1
121.49623513333333,31.2862936,1
121.49623606666667,31.286300533333332,1
121.49623606666667,31.286300533333332,1
121.49623555,31.286309166666666,1
121.49623555,31.286309166666666,1
121.49623935,31.286318916666666,1
121.49623935,31.286318916666666,1
121.49624838333334,31.28633125,1
121.49624838333334,31.28633125,1
121.49625905,31.286343283333334,1
121.49625905,31.286343283333334,1
121.49626925,31.286352616666665,1
121.49626925,31.286352616666665,1
121.49628071666666,31.286360666666667,1
121.49628071666666,31.286360666666667,1
121.49629083333333,31.286368733333333,1
121.49629083333333,31.286368733333333,1
121.49630238333333,31.286374916666666,1
121.49630238333333,31.286374916666666,1
121.49631063333334,31.286380383333334,1
121.49631063333334,31.286380383333334,1
121.49631871666666,31.286388366666667,1
121.49631871666666,31.286388366666667,1
121.49632483333333,31.28639785,1
121.49632483333333,31.28639785,1
121.49633143333334,31.286407616666665,1
121.49633143333334,31.286407616666665,1
121.4963399,31.286418083333334,1
121.4963399,31.286418083333334,1
121.49635015,31.286428283333333,1
121.49635015,31.286428283333333,1
121.49635826666666,31.286441483333334,1
121.49635826666666,31.286441483333334,1
121.49636696666667,31.286453383333335,1
121.49636696666667,31.286453383333335,1
121.49637431666666,31.28646795,1
121.49637431666666,31.28646795,1
121.49638341666666,31.286483633333333,1
121.49638341666666,31.286483633333333,1
121.49638986666666,31.286499916666667,1
121.49638986666666,31.286499916666667,1
121.49639601666667,31.286513283333335,1
121.49639601666667,31.286513283333335,1
121.49640516666666,31.286528333333333,1
121.49640516666666,31.286528333333333,1
121.49640861666667,31.2865427,1
121.49640861666667,31.2865427,1
121.49641395,31.286557483333333,1
121.49641395,31.286557483333333,1
121.49641996666666,31.28657045,1
121.49641996666666,31.28657045,1
121.4964298,31.28657985,1
121.4964298,31.28657985,1
121.4964429,31.286591016666666,1
121.4964429,31.286591016666666,1
121.49645825,31.2866046,1
121.49645825,31.2866046,1
121.49647221666666,31.286619,1
121.49647221666666,31.286619,1
121.49648428333333,31.286630866666666,1
121.49648428333333,31.286630866666666,1
121.49649903333334,31.28663956666667,1
121.49649903333334,31.28663956666667,1
121.49651563333333,31.286647716666668,1
121.49651563333333,31.286647716666668,1
121.4965311,31.28665355,1
121.4965311,31.28665355,1
121.49654815,31.286658766666665,1
121.49654815,31.286658766666665,1
121.49656136666667,31.28666631666667,1
121.49656136666667,31.28666631666667,1
121.4965718,31.286672866666667,1
121.4965718,31.286672866666667,1
121.4965823,31.2866813,1
121.4965823,31.2866813,1
121.49659078333333,31.286689916666667,1
121.49659078333333,31.286689916666667,1
121.49660121666666,31.28669985,1
121.49660121666666,31.28669985,1
121.49661245,31.286709866666666,1
121.49661245,31.286709866666666,1
121.4966266,31.28672125,1
121.4966266,31.28672125,1
121.49664123333334,31.28673125,1
121.49664123333334,31.28673125,1
121.49665293333334,31.2867399,1
121.49665293333334,31.2867399,1
121.4966635,31.2867468,1
121.4966635,31.2867468,1
121.4966785,31.286749433333334,1
121.4966785,31.286749433333334,1
121.49669356666666,31.286745916666668,1
121.49669356666666,31.286745916666668,1
121.49671565,31.286743,1
121.49671565,31.286743,1
121.49673238333334,31.2867369,1
121.49673238333334,31.2867369,1
121.49674971666667,31.286729483333332,1
121.49674971666667,31.286729483333332,1
121.4967666,31.286723816666665,1
121.4967666,31.286723816666665,1
121.49678396666667,31.28671853333333,1
121.49678396666667,31.28671853333333,1
121.4968007,31.2867107,1
121.4968007,31.2867107,1
121.49681675,31.286703266666667,1
121.49681675,31.286703266666667,1
121.49683188333333,31.28669775,1
121.49683188333333,31.28669775,1
121.4968466,31.2866952,1
121.4968466,31.2866952,1
121.49685968333333,31.2866916,1
121.49685968333333,31.2866916,1
121.49687293333334,31.2866872,1
121.49687293333334,31.2866872,1
121.49688925,31.2866822,1
121.49688925,31.2866822,1
121.4969054,31.28667725,1
121.4969054,31.28667725,1
121.49692155,31.28667056666667,1
121.49692155,31.28667056666667,1
121.49693938333333,31.286664116666667,1
121.49693938333333,31.286664116666667,1
121.49695818333333,31.2866578,1
121.49695818333333,31.2866578,1
121.4969772,31.286652516666667,1
121.4969772,31.286652516666667,1
121.49699631666667,31.28664835,1
121.49699631666667,31.28664835,1
121.4970151,31.28664355,1
121.4970151,31.28664355,1
121.4970337,31.286637916666667,1
121.4970337,31.286637916666667,1
121.49705053333334,31.286630866666666,1
121.49705053333334,31.286630866666666,1
121.4970638,31.286622866666665,1
121.4970638,31.286622866666665,1
121.49707715,31.286615483333332,1
121.49707715,31.286615483333332,1
121.49709128333333,31.286606816666666,1
121.49709128333333,31.286606816666666,1
121.49710516666667,31.286598816666668,1
121.49710516666667,31.286598816666668,1
121.49712095,31.286592683333332,1
121.49712095,31.286592683333332,1
121.49713681666667,31.2865875,1
121.49713681666667,31.2865875,1
121.49715478333333,31.28658658333333,1
121.49715478333333,31.28658658333333,1
121.49717335,31.28659325,1
121.49717335,31.28659325,1
121.49719061666667,31.28660585,1
121.49719061666667,31.28660585,1
121.49720438333334,31.286622766666667,1
121.49720438333334,31.286622766666667,1
121.49721698333333,31.28664045,1
121.49721698333333,31.28664045,1
121.49722965,31.286658383333332,1
121.49722965,31.286658383333332,1
121.49724123333333,31.286675816666666,1
121.49724123333333,31.286675816666666,1
121.49725446666666,31.286690566666667,1
121.49725446666666,31.286690566666667,1
121.49726391666667,31.286702666666667,1
121.49726391666667,31.286702666666667,1
121.49727126666667,31.286714233333335,1
121.49727126666667,31.286714233333335,1
121.49727873333333,31.28672655,1
121.49727873333333,31.28672655,1
121.4972869,31.28673935,1
121.4972869,31.28673935,1
121.49729273333334,31.286752816666667,1
121.49729273333334,31.286752816666667,1
121.49729675,31.286768416666668,1
121.49729675,31.286768416666668,1
121.4972997,31.28678425,1
121.4972997,31.28678425,1
121.49730443333333,31.2867977,1
121.49730443333333,31.2867977,1
121.49730875,31.286809666666667,1
121.49730875,31.286809666666667,1
121.49731178333333,31.286820166666665,1
121.49731178333333,31.286820166666665,1
121.49731828333333,31.286830466666668,1
121.49731828333333,31.286830466666668,1
121.49732545,31.28684145,1
121.49732545,31.28684145,1
121.49733275,31.286853066666666,1
121.49733275,31.286853066666666,1
121.4973405,31.286864183333332,1
121.4973405,31.286864183333332,1
121.49734858333333,31.2868757,1
121.49734858333333,31.2868757,1
121.49735635,31.286887216666667,1
121.49735635,31.286887216666667,1
121.49736288333334,31.2868989,1
121.49736288333334,31.2868989,1
121.49737283333333,31.2869084,1
121.49737283333333,31.2869084,1
121.49738068333333,31.286920116666668,1
121.49738068333333,31.286920116666668,1
121.49738975,31.28693255,1
121.49738975,31.28693255,1
121.49739653333333,31.286944783333333,1
121.49739653333333,31.286944783333333,1
121.49740496666666,31.286956583333332,1
121.49740496666666,31.286956583333332,1
121.49740991666667,31.286969566666667,1
121.49740991666667,31.286969566666667,1
121.49741546666667,31.2869805,1
121.49741546666667,31.2869805,1
121.49742236666667,31.286993066666668,1
121.49742236666667,31.286993066666668,1
121.49742621666667,31.287009633333334,1
121.49742621666667,31.287009633333334,1
121.4974248,31.28702656666667,1
121.4974248,31.28702656666667,1
121.49742633333334,31.28704455,1
121.49742633333334,31.28704455,1
121.49743265,31.287061566666665,1
121.49743265,31.287061566666665,1
121.49743913333333,31.28707685,1
121.49743913333333,31.28707685,1
121.49744845,31.287090516666666,1
121.49744845,31.287090516666666,1
121.49745738333333,31.287105683333333,1
121.49745738333333,31.287105683333333,1
121.49746536666666,31.287118933333332,1
121.49746536666666,31.287118933333332,1
121.49747406666667,31.28712901666667,1
121.49747406666667,31.28712901666667,1
121.4974839,31.2871395,1
121.4974839,31.2871395,1
121.4974951,31.287151483333332,1
121.4974951,31.287151483333332,1
121.49750435,31.2871653,1
121.49750435,31.2871653,1
121.49751388333334,31.287176833333334,1
121.49751388333334,31.287176833333334,1
121.49752291666667,31.287187583333335,1
121.49752291666667,31.287187583333335,1
121.49752883333333,31.287198916666668,1
121.49752883333333,31.287198916666668,1
121.49753761666666,31.2872147,1
121.49753761666666,31.2872147,1
121.4975481,31.28722825,1
121.4975481,31.28722825,1
121.49755585,31.2872392,1
121.49755585,31.2872392,1
121.49756941666666,31.28724815,1
121.49756941666666,31.28724815,1
121.49758616666666,31.2872581,1
121.49758616666666,31.2872581,1
121.49760371666666,31.287265866666665,1
121.49760371666666,31.287265866666665,1
121.49761656666666,31.287276983333335,1
121.49761656666666,31.287276983333335,1
121.49762825,31.28728685,1
121.49762825,31.28728685,1
121.49763745,31.28729785,1
121.49763745,31.28729785,1
121.49764735,31.287309166666667,1
121.49764735,31.287309166666667,1
121.49765803333334,31.287324233333333,1
121.49765803333334,31.287324233333333,1
121.49766901666666,31.287334933333334,1
121.49766901666666,31.287334933333334,1
121.49767978333334,31.287349916666667,1
121.49767978333334,31.287349916666667,1
121.49769315,31.287362383333335,1
121.49769315,31.287362383333335,1
121.49770396666666,31.28737436666667,1
121.49770396666666,31.28737436666667,1
121.49771506666667,31.287386,1
121.49771506666667,31.287386,1
121.49772716666666,31.287397516666665,1
121.49772716666666,31.287397516666665,1
121.49773958333333,31.2874078,1
121.49773958333333,31.2874078,1
121.49775131666667,31.2874172,1
121.49775131666667,31.2874172,1
121.49775988333333,31.287425733333333,1
121.49775988333333,31.287425733333333,1
121.49776763333334,31.28743508333333,1
121.49776763333334,31.28743508333333,1
121.49777528333334,31.2874472,1
121.49777528333334,31.2874472,1
121.49778086666667,31.287461716666666,1
121.49778086666667,31.287461716666666,1
121.49778523333333,31.287478283333332,1
121.49778523333333,31.287478283333332,1
121.49779486666667,31.28749515,1
121.49779486666667,31.28749515,1
121.4978053,31.287508533333334,1
121.4978053,31.287508533333334,1
121.49781888333334,31.287519183333334,1
121.49781888333334,31.287519183333334,1
121.49783528333333,31.287523483333334,1
121.49783528333333,31.287523483333334,1
121.49785116666666,31.287523833333335,1
121.49785116666666,31.287523833333335,1
121.49786766666666,31.2875189,1
121.49786766666666,31.2875189,1
121.4978818,31.287509266666667,1
121.4978818,31.287509266666667,1
121.49789975,31.28750013333333,1
121.49789975,31.28750013333333,1
121.49791661666667,31.287492683333333,1
121.49791661666667,31.287492683333333,1
121.49793255,31.287485133333334,1
121.49793255,31.287485133333334,1
121.49794436666667,31.28747975,1
121.49794436666667,31.28747975,1
121.49795866666666,31.28747346666667,1
121.49795866666666,31.28747346666667,1
121.49797016666666,31.287462783333332,1
121.49797016666666,31.287462783333332,1
121.49798041666666,31.287455833333333,1
121.49798041666666,31.287455833333333,1
121.49799318333334,31.287450083333333,1
121.49799318333334,31.287450083333333,1
121.49800531666666,31.287442883333334,1
121.49800531666666,31.287442883333334,1
121.49801663333334,31.287435433333332,1
121.49801663333334,31.287435433333332,1
121.4980282,31.287428316666666,1
121.4980282,31.287428316666666,1
121.49804161666667,31.287418233333334,1
121.49804161666667,31.287418233333334,1
121.49805648333333,31.287407983333335,1
121.49805648333333,31.287407983333335,1
121.49806996666666,31.28739806666667,1
121.49806996666666,31.28739806666667,1
121.49808331666667,31.287389083333334,1
121.49808331666667,31.287389083333334,1
121.49809995,31.28738,1
121.49809995,31.28738,1
121.49811758333334,31.287369566666666,1
121.49811758333334,31.287369566666666,1
121.49813656666667,31.28735946666667,1
121.49813656666667,31.28735946666667,1
121.49815198333333,31.287352,1
121.49815198333333,31.287352,1
121.49816583333333,31.287345316666666,1
121.49816583333333,31.287345316666666,1
121.49818473333333,31.287339366666668,1
121.49818473333333,31.287339366666668,1
121.49820673333333,31.2873355,1
121.49820673333333,31.2873355,1
121.49822866666666,31.28733233333333,1
121.49822866666666,31.28733233333333,1
121.49824925,31.287330216666668,1
121.49824925,31.287330216666668,1
121.49826755,31.2873254,1
121.49826755,31.2873254,1
121.49828356666667,31.2873192,1
121.49828356666667,31.2873192,1
121.49829945,31.287315183333334,1
121.49829945,31.287315183333334,1
121.49831561666667,31.2873096,1
121.49831561666667,31.2873096,1
121.4983307,31.287303516666668,1
121.4983307,31.287303516666668,1
121.49834301666667,31.28729725,1
121.49834301666667,31.28729725,1
121.49835555,31.2872919,1
121.49835555,31.2872919,1
121.49836731666667,31.287284216666666,1
121.49836731666667,31.287284216666666,1
121.49837758333334,31.28727586666667,1
121.49837758333334,31.28727586666667,1
121.49838908333334,31.287268116666667,1
121.49838908333334,31.287268116666667,1
121.49840156666667,31.2872615,1
121.49840156666667,31.2872615,1
121.49841316666667,31.287255416666667,1
121.49841316666667,31.287255416666667,1
121.49842795,31.287250066666665,1
121.49842795,31.287250066666665,1
121.49844073333334,31.28724585,1
121.49844073333334,31.28724585,1
121.49845423333333,31.287244116666667,1
121.49845423333333,31.287244116666667,1
121.49846785,31.287240216666667,1
121.49846785,31.287240216666667,1
121.49848231666667,31.2872362,1
121.49848231666667,31.2872362,1
121.49850033333334,31.287229183333334,1
121.49850033333334,31.287229183333334,1
121.4985175,31.28722215,1
121.4985175,31.28722215,1
121.49853203333333,31.2872125,1
121.49853203333333,31.2872125,1
121.49854658333334,31.287204883333334,1
121.49854658333334,31.287204883333334,1
121.49855973333334,31.287192816666668,1
121.49855973333334,31.287192816666668,1
121.49857266666666,31.287178583333333,1
121.49857266666666,31.287178583333333,1
121.4985869,31.287168633333334,1
121.4985869,31.287168633333334,1
121.4986013,31.287159866666666,1
121.4986013,31.287159866666666,1
121.49861851666667,31.287152833333334,1
121.49861851666667,31.287152833333334,1
121.49863333333333,31.287144416666667,1
121.49863333333333,31.287144416666667,1
121.49865053333333,31.28713385,1
121.49865053333333,31.28713385,1
121.49866935,31.287121883333334,1
121.49866935,31.287121883333334,1
121.4986869,31.287112466666667,1
121.4986869,31.287112466666667,1
121.49870286666666,31.287103783333333,1
121.49870286666666,31.287103783333333,1
121.49871746666666,31.287095683333334,1
121.49871746666666,31.287095683333334,1
121.4987294,31.287086633333335,1
121.4987294,31.287086633333335,1
121.49873898333334,31.28707765,1
121.49873898333334,31.28707765,1
121.49874893333333,31.287069083333332,1
121.49874893333333,31.287069083333332,1
121.49875951666667,31.287062083333332,1
121.49875951666667,31.287062083333332,1
121.49876571666667,31.287052966666668,1
121.49876571666667,31.287052966666668,1
121.49877405,31.28704455,1
121.49877405,31.28704455,1
121.49878256666666,31.287035366666668,1
121.49878256666666,31.287035366666668,1
121.49879196666667,31.287025383333333,1
121.49879196666667,31.287025383333333,1
121.49880628333334,31.287017883333334,1
121.49880628333334,31.287017883333334,1
121.49881918333334,31.287009466666667,1
121.49881918333334,31.287009466666667,1
121.49883266666667,31.287002566666665,1
121.49883266666667,31.287002566666665,1
121.49884595,31.286996616666666,1
121.49884595,31.286996616666666,1
121.49885805,31.286990133333333,1
121.49885805,31.286990133333333,1
121.4988704,31.28698345,1
121.4988704,31.28698345,1
121.49888375,31.286976366666668,1
121.49888375,31.286976366666668,1
121.49889701666666,31.28696895,1
121.49889701666666,31.28696895,1
121.49891293333333,31.286963533333335,1
121.49891293333333,31.286963533333335,1
121.49892498333334,31.286956066666665,1
121.49892498333334,31.286956066666665,1
121.49893843333334,31.286947466666668,1
121.49893843333334,31.286947466666668,1
121.49895201666666,31.286938583333335,1
121.49895201666666,31.286938583333335,1
121.49896433333333,31.286929416666666,1
121.49896433333333,31.286929416666666,1
121.49897673333334,31.2869226,1
121.49897673333334,31.2869226,1
121.49898815,31.286915133333334,1
121.49898815,31.286915133333334,1
121.49900246666667,31.28690815,1
121.49900246666667,31.28690815,1
121.49901793333333,31.286903183333333,1
121.49901793333333,31.286903183333333,1
121.49903596666667,31.286901033333333,1
121.49903596666667,31.286901033333333,1
121.49905323333333,31.286898033333333,1
121.49905323333333,31.286898033333333,1
121.49906916666667,31.286895133333335,1
121.49906916666667,31.286895133333335,1
121.4990845,31.286891266666668,1
121.4990845,31.286891266666668,1
121.49909945,31.286885833333333,1
121.49909945,31.286885833333333,1
121.49911541666667,31.286880866666667,1
121.49911541666667,31.286880866666667,1
121.4991273,31.28687418333333,1
121.4991273,31.28687418333333,1
121.49913548333333,31.2868687,1
121.49913548333333,31.2868687,1
121.49914715,31.286861283333334,1
121.49914715,31.286861283333334,1
121.49916056666666,31.2868548,1
121.49916056666666,31.2868548,1
121.49917425,31.28684885,1
121.49917425,31.28684885,1
121.49918883333333,31.286841583333334,1
121.49918883333333,31.286841583333334,1
121.49920358333334,31.286834516666666,1
121.49920358333334,31.286834516666666,1
121.4992202,31.28682866666667,1
121.4992202,31.28682866666667,1
121.4992386,31.28682128333333,1
121.4992386,31.28682128333333,1
121.49925936666666,31.286815816666667,1
121.49925936666666,31.286815816666667,1
121.4992786,31.28680645,1
121.4992786,31.28680645,1
121.499299,31.286795033333334,1
121.499299,31.286795033333334,1
121.4993195,31.286781666666666,1
121.4993195,31.286781666666666,1
121.49934113333333,31.286771483333332,1
121.49934113333333,31.286771483333332,1
121.49936143333333,31.28676146666667,1
121.49936143333333,31.28676146666667,1
121.49937886666666,31.2867499,1
121.49937886666666,31.2867499,1
121.49939543333333,31.286742933333333,1
121.49939543333333,31.286742933333333,1
121.49941096666667,31.28673455,1
121.49941096666667,31.28673455,1
121.49942441666667,31.286725566666668,1
121.49942441666667,31.286725566666668,1
121.4994367,31.286716916666666,1
121.4994367,31.286716916666666,1
121.49945163333334,31.28670995,1
121.49945163333334,31.28670995,1
121.49946681666667,31.286702133333332,1
121.49946681666667,31.286702133333332,1
121.49948123333333,31.286695866666665,1
121.49948123333333,31.286695866666665,1
121.49949758333334,31.28668865,1
121.49949758333334,31.28668865,1
121.49951366666667,31.286680633333333,1
121.49951366666667,31.286680633333333,1
121.49953008333334,31.286672583333335,1
121.49953008333334,31.286672583333335,1
121.4995493,31.286668516666666,1
121.4995493,31.286668516666666,1
121.49956605,31.286664066666667,1
121.49956605,31.286664066666667,1
121.49958538333334,31.286664266666666,1
121.49958538333334,31.286664266666666,1
121.49960336666666,31.28666615,1
121.49960336666666,31.28666615,1
121.49962205,31.286666566666668,1
121.49962205,31.286666566666668,1
121.49963911666667,31.286664466666668,1
121.49963911666667,31.286664466666668,1
121.49965198333334,31.286658866666667,1
121.49965198333334,31.286658866666667,1
121.49966638333333,31.286654633333335,1
121.49966638333333,31.286654633333335,1
121.49968336666667,31.28665125,1
121.49968336666667,31.28665125,1
121.49969935,31.286648066666668,1
121.49969935,31.286648066666668,1
121.49971111666666,31.2866445,1
121.49971111666666,31.2866445,1
121.4997215,31.286638516666667,1
121.4997215,31.286638516666667,1
121.49972996666666,31.286633866666666,1
121.49972996666666,31.286633866666666,1
121.4997409,31.286629733333335,1
121.4997409,31.286629733333335,1
121.49975368333334,31.286624733333333,1
121.49975368333334,31.286624733333333,1
121.4997647,31.286617466666666,1
121.4997647,31.286617466666666,1
121.49977721666667,31.286609133333332,1
121.49977721666667,31.286609133333332,1
121.49979203333334,31.286601216666668,1
121.49979203333334,31.286601216666668,1
121.49980973333334,31.286592983333332,1
121.49980973333334,31.286592983333332,1
121.49982501666666,31.286582266666667,1
121.49982501666666,31.286582266666667,1
121.4998398,31.28657265,1
121.4998398,31.28657265,1
121.49985486666667,31.2865663,1
121.49985486666667,31.2865663,1
121.4998688,31.286561216666666,1
121.4998688,31.286561216666666,1
121.49988393333334,31.286557033333334,1
121.49988393333334,31.286557033333334,1
121.49989965,31.286552766666667,1
121.49989965,31.286552766666667,1
121.49991263333334,31.286546483333332,1
121.49991263333334,31.286546483333332,1
121.4999263,31.286538933333333,1
121.4999263,31.286538933333333,1
121.49994078333333,31.286531533333335,1
121.49994078333333,31.286531533333335,1
121.49995551666666,31.286523783333333,1
121.49995551666666,31.286523783333333,1
121.49997225,31.28651645,1
121.49997225,31.28651645,1
121.49998851666666,31.286512,1
121.49998851666666,31.286512,1
121.5000071,31.286505916666666,1
121.5000071,31.286505916666666,1
121.50002301666666,31.28650025,1
121.50002301666666,31.28650025,1
121.50003966666667,31.286494283333333,1
121.50003966666667,31.286494283333333,1
121.50005568333333,31.286489233333334,1
121.50005568333333,31.286489233333334,1
121.50007158333334,31.2864811,1
121.50007158333334,31.2864811,1
121.50008713333334,31.286475033333332,1
121.50008713333334,31.286475033333332,1
121.50010215,31.2864691,1
121.50010215,31.2864691,1
121.5001173,31.2864618,1
121.5001173,31.2864618,1
121.50013186666666,31.286452683333334,1
121.50013186666666,31.286452683333334,1
121.5001483,31.286444233333334,1
121.5001483,31.286444233333334,1
121.50016583333333,31.2864388,1
121.50016583333333,31.2864388,1
121.50018126666667,31.286434033333332,1
121.50018126666667,31.286434033333332,1
121.50019555,31.286428383333334,1
121.50019555,31.286428383333334,1
121.50021021666667,31.2864241,1
121.50021021666667,31.2864241,1
121.50022425,31.28642,1
121.50022425,31.28642,1
121.50023825,31.286412283333334,1
121.50023825,31.286412283333334,1
121.50025275,31.2864044,1
121.50025275,31.2864044,1
121.50026655,31.286396133333334,1
121.50026655,31.286396133333334,1
121.50027858333333,31.28638885,1
121.50027858333333,31.28638885,1
121.50028955,31.286384016666666,1
121.50028955,31.286384016666666,1
121.50029945,31.28637885,1
121.50029945,31.28637885,1
121.5003092,31.2863721,1
121.5003092,31.2863721,1
121.50031946666667,31.2863662,1
121.50031946666667,31.2863662,1
121.50033198333334,31.286361066666668,1
121.50033198333334,31.286361066666668,1
121.50034511666667,31.286354016666667,1
121.50034511666667,31.286354016666667,1
121.5003545,31.286348883333332,1
121.5003545,31.286348883333332,1
121.5003618,31.2863445,1
121.5003618,31.2863445,1
121.50037125,31.2863379,1
121.50037125,31.2863379,1
121.50038716666667,31.28633295,1
121.50038716666667,31.28633295,1
121.50040361666667,31.286327466666666,1
121.50040361666667,31.286327466666666,1
121.50041883333333,31.286323733333333,1
121.50041883333333,31.286323733333333,1
121.5004368,31.286322116666668,1
121.5004368,31.286322116666668,1
121.50045168333334,31.286319133333333,1
121.50045168333334,31.286319133333333,1
121.50046711666667,31.28631723333333,1
121.50046711666667,31.28631723333333,1
121.50048215,31.286318183333332,1
121.50048215,31.286318183333332,1
121.50049521666666,31.28631525,1
121.50049521666666,31.28631525,1
121.50050785,31.286311516666668,1
121.50050785,31.286311516666668,1
121.50052143333333,31.2863052,1
121.50052143333333,31.2863052,1
121.50053498333334,31.286297966666666,1
121.50053498333334,31.286297966666666,1
121.50054816666666,31.286290033333334,1
121.50054816666666,31.286290033333334,1
121.50056276666666,31.286281233333334,1
121.50056276666666,31.286281233333334,1
121.50057433333333,31.28627193333333,1
121.50057433333333,31.28627193333333,1
121.50057978333334,31.286261266666667,1
121.50057978333334,31.286261266666667,1
121.50058395,31.286251016666668,1
121.50058395,31.286251016666668,1
121.5005845,31.286239816666665,1
121.5005845,31.286239816666665,1
121.50058058333333,31.286226016666667,1
121.50058058333333,31.286226016666667,1
121.50057378333334,31.286211416666667,1
121.50057378333334,31.286211416666667,1
121.50056523333333,31.286195833333334,1
121.50056523333333,31.286195833333334,1
121.50056015,31.2861785,1
121.50056015,31.2861785,1
121.50055596666667,31.286163383333335,1
121.50055596666667,31.286163383333335,1
121.50054953333333,31.286148716666666,1
121.50054953333333,31.286148716666666,1
121.50054606666667,31.28613545,1
121.50054606666667,31.28613545,1
121.50054106666667,31.286123083333333,1
121.50054106666667,31.286123083333333,1
121.50053405,31.286116033333332,1
121.50053405,31.286116033333332,1
121.50053125,31.286113533333335,1
121.50053125,31.286113533333335,1
121.50052886666667,31.286108916666667,1
121.50052886666667,31.286108916666667,1
121.50052415,31.28610225,1
121.50052415,31.28610225,1
121.50051831666667,31.286093183333332,1
121.50051831666667,31.286093183333332,1
121.50051521666667,31.286086466666667,1
121.50051521666667,31.286086466666667,1
121.50051275,31.286080733333332,1
121.50051275,31.286080733333332,1
121.50050848333333,31.28607345,1
121.50050848333333,31.28607345,1
121.50050158333333,31.286065483333335,1
121.50050158333333,31.286065483333335,1
121.50049485,31.286056533333333,1
121.50049485,31.286056533333333,1
121.50048635,31.286045266666665,1
121.50048635,31.286045266666665,1
121.50047588333334,31.286034883333333,1
121.50047588333334,31.286034883333333,1
121.50046543333333,31.2860248,1
121.50046543333333,31.2860248,1
121.500456,31.2860137,1
121.500456,31.2860137,1
121.50044681666667,31.28600185,1
121.50044681666667,31.28600185,1
121.50043753333334,31.2859888,1
121.50043753333334,31.2859888,1
121.5004294,31.285976283333333,1
121.5004294,31.285976283333333,1
121.50042223333334,31.285963333333335,1
121.50042223333334,31.285963333333335,1
121.50041743333334,31.2859509,1
121.50041743333334,31.2859509,1
121.50041086666667,31.285938066666667,1
121.50041086666667,31.285938066666667,1
121.50040456666666,31.285924816666668,1
121.50040456666666,31.285924816666668,1
121.50040875,31.285890033333335,1
121.50040875,31.285890033333335,1
121.5004069,31.28586736666667,1
121.5004069,31.28586736666667,1
121.50039455,31.285846066666668,1
121.50039455,31.285846066666668,1
121.50037766666667,31.285822733333333,1
121.50037766666667,31.285822733333333,1
121.50036076666666,31.285793233333333,1
121.50036076666666,31.285793233333333,1
121.5003487,31.285767283333332,1
121.5003487,31.285767283333332,1
121.50033518333333,31.2857445,1
121.50033518333333,31.2857445,1
121.50031883333334,31.2857223,1
121.50031883333334,31.2857223,1
121.50030538333333,31.285702266666668,1
121.50030538333333,31.285702266666668,1
121.5002935,31.285683033333335,1
121.5002935,31.285683033333335,1
121.50029055,31.285675316666666,1
121.50029055,31.285675316666666,1
121.50028985,31.285670083333333,1
121.50028985,31.285670083333333,1
121.5002873,31.28566641666667,1
121.5002873,31.28566641666667,1
121.5002839,31.2856609,1
121.5002839,31.2856609,1
121.50027628333333,31.2856538,1
121.50027628333333,31.2856538,1
121.5002683,31.2856419,1
121.5002683,31.2856419,1
121.50026591666666,31.285631433333332,1
121.50026591666666,31.285631433333332,1
121.50026086666666,31.285623666666666,1
121.50026086666666,31.285623666666666,1
121.50025396666666,31.285614666666667,1
121.50025396666666,31.285614666666667,1
121.50024836666667,31.285604583333335,1
121.50024836666667,31.285604583333335,1
121.50024441666666,31.285594966666668,1
121.50024441666666,31.285594966666668,1
121.50024038333333,31.285586283333334,1
121.50024038333333,31.285586283333334,1
121.50023468333333,31.285577883333332,1
121.50023468333333,31.285577883333332,1
121.50023013333333,31.2855667,1
121.50023013333333,31.2855667,1
121.50022491666667,31.28555475,1
121.50022491666667,31.28555475,1
121.5002162,31.28554235,1
121.5002162,31.28554235,1
121.50020658333334,31.285530533333333,1
121.50020658333334,31.285530533333333,1
121.50019538333333,31.2855195,1
121.50019538333333,31.2855195,1
121.50018595,31.2855095,1
121.50018595,31.2855095,1
121.50017908333334,31.285502216666668,1
121.50017908333334,31.285502216666668,1
121.50017465,31.285489483333333,1
121.50017465,31.285489483333333,1
121.50016936666667,31.285475283333334,1
121.50016936666667,31.285475283333334,1
121.50016218333333,31.28546065,1
121.50016218333333,31.28546065,1
121.50015403333333,31.285446566666668,1
121.50015403333333,31.285446566666668,1
121.500145,31.28543365,1
121.500145,31.28543365,1
121.50013736666666,31.2854218,1
121.50013736666666,31.2854218,1
121.50012938333333,31.28540895,1
121.50012938333333,31.28540895,1
121.50012223333333,31.2853952,1
121.50012223333333,31.2853952,1
121.50011446666667,31.285379466666665,1
121.50011446666667,31.285379466666665,1
121.50010518333333,31.285360633333333,1
121.50010518333333,31.285360633333333,1
121.50009741666666,31.28534195,1
121.50009741666666,31.28534195,1
121.50008891666667,31.285327116666668,1
121.50008891666667,31.285327116666668,1
121.50007926666666,31.285313816666665,1
121.50007926666666,31.285313816666665,1
121.50006873333334,31.28529915,1
121.50006873333334,31.28529915,1
121.50005948333333,31.2852851,1
121.50005948333333,31.2852851,1
121.50004711666666,31.285271566666665,1
121.50004711666666,31.285271566666665,1
121.50003698333333,31.285259466666666,1
121.50003698333333,31.285259466666666,1
121.50002898333334,31.285244583333334,1
121.50002898333334,31.285244583333334,1
121.5000207,31.28523008333333,1
121.5000207,31.28523008333333,1
121.50001421666667,31.285217583333335,1
121.50001421666667,31.285217583333335,1
121.50000666666666,31.285202666666667,1
121.50000666666666,31.285202666666667,1
121.50000646666666,31.285191766666667,1
121.50000646666666,31.285191766666667,1
121.50000601666666,31.285179083333333,1
121.50000601666666,31.285179083333333,1
121.50000371666667,31.2851675,1
121.50000371666667,31.2851675,1
121.50000003333334,31.28515645,1
121.50000003333334,31.28515645,1
121.49999435,31.285144133333333,1
121.49999435,31.285144133333333,1
121.49999065,31.285132566666668,1
121.49999065,31.285132566666668,1
121.49999018333334,31.28512063333333,1
121.49999018333334,31.28512063333333,1
121.49998796666667,31.28510826666667,1
121.49998796666667,31.28510826666667,1
121.49998098333333,31.285094433333335,1
121.49998098333333,31.285094433333335,1
121.49997396666667,31.285082083333332,1
121.49997396666667,31.285082083333332,1
121.4999672,31.285070333333334,1
121.4999672,31.285070333333334,1
121.49996068333333,31.285059433333334,1
121.49996068333333,31.285059433333334,1
121.4999525,31.285046583333333,1
121.4999525,31.285046583333333,1
121.4999433,31.285032183333332,1
121.4999433,31.285032183333332,1
121.49993431666667,31.285021283333332,1
121.49993431666667,31.285021283333332,1
121.49992758333333,31.285009333333335,1
121.49992758333333,31.285009333333335,1
121.49992075,31.2849979,1
121.49992075,31.2849979,1
121.49991405,31.28498705,1
121.49991405,31.28498705,1
121.499908,31.2849728,1
121.499908,31.2849728,1
121.49990131666667,31.28496005,1
121.49990131666667,31.28496005,1
121.49989428333333,31.284949016666665,1
121.49989428333333,31.284949016666665,1
121.49988513333334,31.2849376,1
121.49988513333334,31.2849376,1
121.49987723333334,31.28492445,1
121.49987723333334,31.28492445,1
121.49986795,31.2849112,1
121.49986795,31.2849112,1
121.49985816666667,31.28489815,1
121.49985816666667,31.28489815,1
121.49985086666666,31.284882916666668,1
121.49985086666666,31.284882916666668,1
121.49984395,31.284865266666667,1
121.49984395,31.284865266666667,1
121.49984078333334,31.284849666666666,1
121.49984078333334,31.284849666666666,1
121.49983735,31.284834516666667,1
121.49983735,31.284834516666667,1
121.49983275,31.284821133333335,1
121.49983275,31.284821133333335,1
121.49983105,31.2848074,1
121.49983105,31.2848074,1
121.49982565,31.28479475,1
121.49982565,31.28479475,1
121.4998217,31.284781616666667,1
121.4998217,31.284781616666667,1
121.49981688333334,31.28476776666667,1
121.49981688333334,31.28476776666667,1
121.499812,31.2847558,1
121.499812,31.2847558,1
121.49980706666666,31.284741866666668,1
121.49980706666666,31.284741866666668,1
121.49980135,31.284727566666668,1
121.49980135,31.284727566666668,1
121.4997955,31.284714833333332,1
121.4997955,31.284714833333332,1
121.49978981666666,31.284702066666668,1
121.49978981666666,31.284702066666668,1
121.49978226666667,31.284687283333334,1
121.49978226666667,31.284687283333334,1
121.49977126666667,31.2846719,1
121.49977126666667,31.2846719,1
121.4997599,31.284657566666667,1
121.4997599,31.284657566666667,1
121.49974935,31.284645233333332,1
121.49974935,31.284645233333332,1
121.49973706666667,31.28463543333333,1
121.49973706666667,31.28463543333333,1
121.49973038333333,31.28463125,1
121.49973038333333,31.28463125,1
121.49972673333333,31.2846262,1
121.49972673333333,31.2846262,1
121.49972261666667,31.28461955,1
121.49972261666667,31.28461955,1
121.499717,31.284612533333334,1
121.499717,31.284612533333334,1
121.49971088333334,31.28460595,1
121.49971088333334,31.28460595,1
121.49970426666667,31.2845984,1
121.49970426666667,31.2845984,1
121.49969638333333,31.28459195,1
121.49969638333333,31.28459195,1
121.49968926666666,31.284584266666666,1
121.49968926666666,31.284584266666666,1
121.49968398333333,31.284576,1
121.49968398333333,31.284576,1
121.49967885,31.284565633333333,1
121.49967885,31.284565633333333,1
121.49967423333334,31.284555816666668,1
121.49967423333334,31.284555816666668,1
121.49967025,31.284546533333334,1
121.49967025,31.284546533333334,1
121.49966336666667,31.284536766666665,1
121.49966336666667,31.284536766666665,1
121.4996554,31.284526483333334,1
121.4996554,31.284526483333334,1
121.49965398333333,31.284526783333334,1
121.49965398333333,31.284526783333334,1
121.4996559,31.284526366666668,1
121.4996559,31.284526366666668,1
121.499661,31.28452525,1
121.499661,31.28452525,1
121.49966193333333,31.28452505,1
121.49966193333333,31.28452505,1
121.49966628333334,31.2845241,1
121.49966628333334,31.2845241,1
121.49967361666667,31.2845225,1
121.49967361666667,31.2845225,1
121.49968501666666,31.28452,1
121.49968501666666,31.28452,1
121.4997006,31.284516583333332,1
121.4997006,31.284516583333332,1
121.49972111666666,31.284512083333333,1
121.49972111666666,31.284512083333333,1
121.4997439,31.2845071,1
121.4997439,31.2845071,1
121.49975758333333,31.284504116666668,1
121.49975758333333,31.284504116666668,1
121.49977166666666,31.284501016666667,1
121.49977166666666,31.284501016666667,1
121.49978155,31.284498866666667,1
121.49978155,31.284498866666667,1
121.49979096666667,31.284496416666666,1
121.49979096666667,31.284496416666666,1
121.49979825,31.28449605,1
121.49979825,31.28449605,1
121.49980236666667,31.28449685,1
121.49980236666667,31.28449685,1
121.49980696666667,31.28449795,1
121.49980696666667,31.28449795,1
121.49980856666667,31.28449965,1
121.49980856666667,31.28449965,1
121.49981105,31.2845014,1
121.49981105,31.2845014,1
121.49981265,31.284497233333333,1
121.49981265,31.284497233333333,1
121.49981283333334,31.284492483333334,1
121.49981283333334,31.284492483333334,1
121.49981331666666,31.284490883333333,1
121.49981331666666,31.284490883333333,1
121.49981266666667,31.284490983333335,1
121.49981266666667,31.284490983333335,1
121.49981423333334,31.2844869,1
121.49981423333334,31.2844869,1
121.49980676666667,31.28448645,1
121.49980676666667,31.28448645,1
121.49980685,31.284482933333333,1
121.49980685,31.284482933333333,1
121.49980826666666,31.2844794,1
121.49980826666666,31.2844794,1
121.49980941666666,31.284475133333334,1
121.49980941666666,31.284475133333334,1
121.4998086,31.284470666666667,1
121.4998086,31.284470666666667,1
121.49980505,31.28448155,1
121.49980505,31.28448155,1
121.49980653333333,31.284478116666666,1
121.49980653333333,31.284478116666666,1
121.49979031666666,31.284480716666668,1
121.49979031666666,31.284480716666668,1
121.49977511666667,31.2845043,1
121.49977511666667,31.2845043,1
121.4997622,31.28450296666667,1
121.4997622,31.28450296666667,1
121.49974363333334,31.2845247,1
121.49974363333334,31.2845247,1
121.49973018333333,31.284535766666668,1
121.49973018333333,31.284535766666668,1
121.499725,31.284533316666668,1
121.499725,31.284533316666668,1
121.499725,31.284533316666668,1
121.499725,31.284533316666668,1
121.499725,31.284533316666668,1
121.499725,31.284533316666668,1
121.499725,31.284533316666668,1
121.499725,31.284533316666668,1
121.49969353333333,31.284532016666667,1
121.49969353333333,31.284532016666667,1
121.49967891666667,31.2845383,1
121.49967891666667,31.2845383,1
121.49966865,31.284546116666668,1
121.49966865,31.284546116666668,1
121.4996525,31.284552383333335,1
121.4996525,31.284552383333335,1
121.4996227,31.284561133333334,1
121.4996227,31.284561133333334,1
121.49960845,31.284556366666667,1
121.49960845,31.284556366666667,1
121.49959421666667,31.284558283333332,1
121.49959421666667,31.284558283333332,1
121.49959268333333,31.28455615,1
121.49959268333333,31.28455615,1
121.49959191666667,31.284554,1
121.49959191666667,31.284554,1
121.49959106666667,31.284551633333333,1
121.49959106666667,31.284551633333333,1
121.49959008333333,31.28454885,1
121.49959008333333,31.28454885,1
121.49958916666667,31.284546266666666,1
121.49958916666667,31.284546266666666,1
121.4995886,31.284544683333333,1
121.4995886,31.284544683333333,1
121.49958785,31.284542566666666,1
121.49958785,31.284542566666666,1
121.49958461666667,31.284533466666666,1
121.49958461666667,31.284533466666666,1
121.49957555,31.28452745,1
121.49957555,31.28452745,1
121.49960586666667,31.284513116666666,1
121.49960586666667,31.284513116666666,1
121.49962971666666,31.284503333333333,1
121.49962971666666,31.284503333333333,1
121.49964771666667,31.2844949,1
121.49964771666667,31.2844949,1
121.49966686666667,31.2844788,1
121.49966686666667,31.2844788,1
121.49968095,31.2844594,1
121.49968095,31.2844594,1
121.49967818333333,31.284432566666666,1
121.49967818333333,31.284432566666666,1
121.49966585,31.2844078,1
121.49966585,31.2844078,1
121.49966078333334,31.284381216666667,1
121.49966078333334,31.284381216666667,1
121.4996455,31.284357683333333,1
121.4996455,31.284357683333333,1
121.49962733333334,31.284326716666666,1
121.49962733333334,31.284326716666666,1
121.49959971666667,31.284299716666666,1
121.49959971666667,31.284299716666666,1
121.49956448333333,31.284262433333332,1
121.49956448333333,31.284262433333332,1
121.4995553,31.284251833333332,1
121.4995553,31.284251833333332,1
121.49954538333333,31.28424538333333,1
121.49954538333333,31.28424538333333,1
121.49952998333333,31.284232266666667,1
121.49952998333333,31.284232266666667,1
121.49952025,31.284227583333333,1
121.49952025,31.284227583333333,1
121.4994808,31.284280966666667,1
121.4994808,31.284280966666667,1
121.49946813333334,31.284296733333335,1
121.49946813333334,31.284296733333335,1
121.49945681666667,31.284306633333333,1
121.49945681666667,31.284306633333333,1
121.49944556666667,31.284318366666668,1
121.49944556666667,31.284318366666668,1
121.49942858333333,31.284331866666665,1
121.49942858333333,31.284331866666665,1
121.49941455,31.284342833333334,1
121.49941455,31.284342833333334,1
121.49940236666667,31.284355,1
121.49940236666667,31.284355,1
121.49939053333334,31.28436535,1
121.49939053333334,31.28436535,1
121.49938071666666,31.284373716666668,1
121.49938071666666,31.284373716666668,1
121.49937063333333,31.2843838,1
121.49937063333333,31.2843838,1
121.4993607,31.284391433333333,1
121.4993607,31.284391433333333,1
121.49934741666667,31.28439965,1
121.49934741666667,31.28439965,1
121.499336,31.284404616666666,1
121.499336,31.284404616666666,1
121.49932498333334,31.284408166666665,1
121.49932498333334,31.284408166666665,1
121.49931403333333,31.284412116666665,1
121.49931403333333,31.284412116666665,1
121.49930356666667,31.28441715,1
121.49930356666667,31.28441715,1
121.49929191666666,31.28442325,1
121.49929191666666,31.28442325,1
121.49928278333333,31.284430633333333,1
121.49928278333333,31.284430633333333,1
121.49927173333333,31.284438466666668,1
121.49927173333333,31.284438466666668,1
121.49926051666667,31.284444416666666,1
121.49926051666667,31.284444416666666,1
121.49924641666667,31.284449516666665,1
121.49924641666667,31.284449516666665,1
121.49922951666667,31.2844545,1
121.49922951666667,31.2844545,1
121.49921331666667,31.2844609,1
121.49921331666667,31.2844609,1
121.49919508333333,31.28446725,1
121.49919508333333,31.28446725,1
121.49917988333333,31.2844759,1
121.49917988333333,31.2844759,1
121.49916481666666,31.284481983333333,1
121.49916481666666,31.284481983333333,1
121.49914821666667,31.284486816666668,1
121.49914821666667,31.284486816666668,1
121.49912786666667,31.2844918,1
121.49912786666667,31.2844918,1
121.49910816666667,31.28449525,1
121.49910816666667,31.28449525,1
121.49909533333333,31.2845012,1
121.49909533333333,31.2845012,1
121.499083,31.284510066666666,1
121.499083,31.284510066666666,1
121.49907181666667,31.284520916666665,1
121.49907181666667,31.284520916666665,1
121.49906318333333,31.284530333333333,1
121.49906318333333,31.284530333333333,1
121.49905193333333,31.2845395,1
121.49905193333333,31.2845395,1
121.49904125,31.284546166666665,1
121.49904125,31.284546166666665,1
121.49903093333333,31.284554583333332,1
121.49903093333333,31.284554583333332,1
121.49901828333333,31.2845618,1
121.49901828333333,31.2845618,1
121.4990024,31.284567433333333,1
121.4990024,31.284567433333333,1
121.49898666666667,31.28457215,1
121.49898666666667,31.28457215,1
121.49896858333334,31.28457735,1
121.49896858333334,31.28457735,1
121.4989537,31.2845799,1
121.4989537,31.2845799,1
121.49893571666667,31.284584316666667,1
121.49893571666667,31.284584316666667,1
121.4989142,31.284589466666667,1
121.4989142,31.284589466666667,1
121.49889365,31.284593716666667,1
121.49889365,31.284593716666667,1
121.49887593333334,31.284598466666665,1
121.49887593333334,31.284598466666665,1
121.49886015,31.28460415,1
121.49886015,31.28460415,1
121.49884643333333,31.284611366666667,1
121.49884643333333,31.284611366666667,1
121.49883721666667,31.28461805,1
121.49883721666667,31.28461805,1
121.4988266,31.284621683333334,1
121.4988266,31.284621683333334,1
121.4988157,31.284626466666666,1
121.4988157,31.284626466666666,1
121.49880236666667,31.28462835,1
121.49880236666667,31.28462835,1
121.4987867,31.284630983333333,1
121.4987867,31.284630983333333,1
121.49877258333333,31.28463135,1
121.49877258333333,31.28463135,1
121.49875561666667,31.2846315,1
121.49875561666667,31.2846315,1
121.49873855,31.284629966666667,1
121.49873855,31.284629966666667,1
121.49871983333334,31.284629833333334,1
121.49871983333334,31.284629833333334,1
121.49870281666666,31.284632083333335,1
121.49870281666666,31.284632083333335,1
121.49868703333334,31.284635616666666,1
121.49868703333334,31.284635616666666,1
121.4986694,31.2846392,1
121.4986694,31.2846392,1
121.49865443333333,31.28464475,1
121.49865443333333,31.28464475,1
121.4986408,31.2846509,1
121.4986408,31.2846509,1
121.49862925,31.284658383333333,1
121.49862925,31.284658383333333,1
121.49861811666666,31.28466605,1
121.49861811666666,31.28466605,1
121.49860686666666,31.284673916666666,1
121.49860686666666,31.284673916666666,1
121.49859621666667,31.2846855,1
121.49859621666667,31.2846855,1
121.49858613333333,31.284694666666667,1
121.49858613333333,31.284694666666667,1
121.4985752,31.2847043,1
121.4985752,31.2847043,1
121.49856436666667,31.284713933333332,1
121.49856436666667,31.284713933333332,1
121.49855461666667,31.284722783333333,1
121.49855461666667,31.284722783333333,1
121.4985413,31.2847297,1
121.4985413,31.2847297,1
121.49852676666667,31.284735683333334,1
121.49852676666667,31.284735683333334,1
121.49851606666667,31.28474191666667,1
121.49851606666667,31.28474191666667,1
121.49850406666667,31.284746416666668,1
121.49850406666667,31.284746416666668,1
121.49849271666666,31.284752266666665,1
121.49849271666666,31.284752266666665,1
121.49848113333333,31.284759166666667,1
121.49848113333333,31.284759166666667,1
121.49847195,31.28476585,1
121.49847195,31.28476585,1
121.4984619,31.284771533333334,1
121.4984619,31.284771533333334,1
121.49844765,31.2847759,1
121.49844765,31.2847759,1
121.49843261666666,31.284781683333332,1
121.49843261666666,31.284781683333332,1
121.4984175,31.284788366666668,1
121.4984175,31.284788366666668,1
121.49840356666667,31.28479465,1
121.49840356666667,31.28479465,1
121.49839041666667,31.284799666666668,1
121.49839041666667,31.284799666666668,1
121.4983767,31.284803416666666,1
121.4983767,31.284803416666666,1
121.49836386666666,31.284807466666667,1
121.49836386666666,31.284807466666667,1
121.49834883333334,31.2848114,1
121.49834883333334,31.2848114,1
121.49833531666667,31.284816233333334,1
121.49833531666667,31.284816233333334,1
121.49832185,31.284819633333335,1
121.49832185,31.284819633333335,1
121.49830863333334,31.28482215,1
121.49830863333334,31.28482215,1
121.49829743333333,31.284824783333335,1
121.49829743333333,31.284824783333335,1
121.49828335,31.284829266666666,1
121.49828335,31.284829266666666,1
121.4982691,31.284834683333333,1
121.4982691,31.284834683333333,1
121.49825193333334,31.2848428,1
121.49825193333334,31.2848428,1
121.49823578333333,31.284850533333334,1
121.49823578333333,31.284850533333334,1
121.49822,31.284858466666666,1
121.49822,31.284858466666666,1
121.4982046,31.2848682,1
121.4982046,31.2848682,1
121.49818843333334,31.284878733333333,1
121.49818843333334,31.284878733333333,1
121.4981739,31.284887683333334,1
121.4981739,31.284887683333334,1
121.49815895,31.284893,1
121.49815895,31.284893,1
121.4981418,31.284897466666667,1
121.4981418,31.284897466666667,1
121.49812836666666,31.284901483333332,1
121.49812836666666,31.284901483333332,1
121.49811495,31.2849058,1
121.49811495,31.2849058,1
121.49810315,31.284909266666666,1
121.49810315,31.284909266666666,1
121.4980909,31.28491235,1
121.4980909,31.28491235,1
121.49807861666666,31.284914683333334,1
121.49807861666666,31.284914683333334,1
121.49806813333333,31.28491825,1
121.49806813333333,31.28491825,1
121.49805451666667,31.284921783333335,1
121.49805451666667,31.284921783333335,1
121.49803978333334,31.2849253,1
121.49803978333334,31.2849253,1
121.49802588333333,31.284927466666666,1
121.49802588333333,31.284927466666666,1
121.49801106666666,31.284930533333334,1
121.49801106666666,31.284930533333334,1
121.49799981666666,31.284935466666667,1
121.49799981666666,31.284935466666667,1
121.49798506666667,31.284938116666666,1
121.49798506666667,31.284938116666666,1
121.49797005,31.284940366666667,1
121.49797005,31.284940366666667,1
121.49795685,31.284943900000002,1
121.49795685,31.284943900000002,1
121.49794166666666,31.28494685,1
121.49794166666666,31.28494685,1
121.49791978333333,31.284949266666665,1
121.49791978333333,31.284949266666665,1
121.49790086666667,31.284950816666665,1
121.49790086666667,31.284950816666665,1
121.49788288333333,31.28495385,1
121.49788288333333,31.28495385,1
121.49786475,31.2849593,1
121.49786475,31.2849593,1
121.49784455,31.284965466666666,1
121.49784455,31.284965466666666,1
121.49782586666667,31.284969083333333,1
121.49782586666667,31.284969083333333,1
121.49780731666667,31.284973733333334,1
121.49780731666667,31.284973733333334,1
121.49779023333333,31.284979116666666,1
121.49779023333333,31.284979116666666,1
121.49777363333334,31.2849844,1
121.49777363333334,31.2849844,1
121.4977573,31.284991083333335,1
121.4977573,31.284991083333335,1
121.49774811666667,31.284999366666668,1
121.49774811666667,31.284999366666668,1
121.49774151666666,31.285008916666666,1
121.49774151666666,31.285008916666666,1
121.49773568333333,31.285018116666667,1
121.49773568333333,31.285018116666667,1
121.49772691666666,31.2850252,1
121.49772691666666,31.2850252,1
121.49771576666667,31.28503105,1
121.49771576666667,31.28503105,1
121.49770238333333,31.285039266666665,1
121.49770238333333,31.285039266666665,1
121.497688,31.28504806666667,1
121.497688,31.28504806666667,1
121.49767566666667,31.2850548,1
121.49767566666667,31.2850548,1
121.4976627,31.285059033333333,1
121.4976627,31.285059033333333,1
121.49765021666667,31.285065,1
121.49765021666667,31.285065,1
121.49763518333333,31.285073266666668,1
121.49763518333333,31.285073266666668,1
121.49762315,31.285080316666665,1
121.49762315,31.285080316666665,1
121.4976084,31.285087883333333,1
121.4976084,31.285087883333333,1
121.49759311666666,31.285093716666665,1
121.49759311666666,31.285093716666665,1
121.49757758333334,31.28509755,1
121.49757758333334,31.28509755,1
121.49756081666666,31.285100366666665,1
121.49756081666666,31.285100366666665,1
121.49754161666667,31.285103233333334,1
121.49754161666667,31.285103233333334,1
121.49752585,31.285107583333332,1
121.49752585,31.285107583333332,1
121.49751296666666,31.2851145,1
121.49751296666666,31.2851145,1
121.49750356666667,31.285121766666666,1
121.49750356666667,31.285121766666666,1
121.49749215,31.28512845,1
121.49749215,31.28512845,1
121.49748316666667,31.285133883333334,1
121.49748316666667,31.285133883333334,1
121.4974706,31.285137066666667,1
121.4974706,31.285137066666667,1
121.49746005,31.285139766666667,1
121.49746005,31.285139766666667,1
121.49745266666666,31.285144716666668,1
121.49745266666666,31.285144716666668,1
121.49744468333333,31.285148983333332,1
121.49744468333333,31.285148983333332,1
121.49743363333333,31.285151283333335,1
121.49743363333333,31.285151283333335,1
121.49742058333334,31.2851568,1
121.49742058333334,31.2851568,1
121.49740856666666,31.28516198333333,1
121.49740856666666,31.28516198333333,1
121.49739816666667,31.2851666,1
121.49739816666667,31.2851666,1
121.49738538333334,31.285171066666667,1
121.49738538333334,31.285171066666667,1
121.49737431666667,31.285176283333332,1
121.49737431666667,31.285176283333332,1
121.4973596,31.2851808,1
121.4973596,31.2851808,1
121.49734705,31.285185916666666,1
121.49734705,31.285185916666666,1
121.49733315,31.285190416666666,1
121.49733315,31.285190416666666,1
121.49731933333334,31.28519855,1
121.49731933333334,31.28519855,1
121.49730348333334,31.28520575,1
121.49730348333334,31.28520575,1
121.49728715,31.285211583333332,1
121.49728715,31.285211583333332,1
