121.49823796666666,31.287347083333334,1
121.49823623333333,31.287346166666666,1
121.49822938333334,31.287347166666667,1
121.49822198333334,31.287349683333332,1
121.49821775,31.287351916666665,1
121.49821351666667,31.287353866666667,1
121.49820618333334,31.287357116666666,1
121.49819076666667,31.287360866666667,1
121.49817298333333,31.287365466666667,1
121.49815391666667,31.287373266666666,1
121.49813283333333,31.287385666666665,1
121.4981091,31.287401966666668,1
121.49808911666666,31.28741296666667,1
121.49807073333334,31.28742325,1
121.49804591666667,31.287435516666665,1
121.49802048333333,31.287448233333333,1
121.49799543333333,31.287461133333334,1
121.4979697,31.2874767,1
121.4979438,31.28748965,1
121.49792051666667,31.287501666666667,1
121.49790243333334,31.287511216666665,1
121.49788773333333,31.287521616666666,1
121.49786783333333,31.2875348,1
121.49784141666666,31.287547816666667,1
121.49780693333334,31.287559666666667,1
121.49776876666667,31.287569516666668,1
121.49773351666667,31.287580583333334,1
121.49770116666667,31.287594583333334,1
121.49766998333334,31.28761035,1
121.49763785,31.287627283333332,1
121.49760678333334,31.287643733333333,1
121.49757513333333,31.287661316666668,1
121.49754416666667,31.287678916666668,1
121.49751478333333,31.287695733333333,1
121.49748325,31.287712766666665,1
121.49745535,31.287727516666667,1
121.49743011666666,31.287739633333334,1
121.49740578333333,31.287749783333332,1
121.49738261666667,31.2877551,1
121.49735498333334,31.2877588,1
121.49732396666667,31.28776501666667,1
121.49729628333333,31.287773116666667,1
121.49727218333334,31.287781983333332,1
121.49724785,31.287793416666666,1
121.49722956666666,31.28780375,1
121.49721578333333,31.287815333333334,1
121.49720123333333,31.287828983333334,1
121.49717896666667,31.287842716666667,1
121.49715388333334,31.287849316666666,1
121.49713206666667,31.287845133333335,1
121.4971116,31.287832533333333,1
121.49710291666666,31.287821166666667,1
121.49709346666667,31.287819583333334,1
121.49707843333333,31.287823666666668,1
121.49705858333333,31.287832083333335,1
121.49703666666667,31.28784175,1
121.49701988333334,31.287848366666665,1
121.49700498333333,31.287853066666667,1
121.49699095,31.287859116666667,1
121.49697415,31.2878618,1
121.49695521666666,31.2878628,1
121.49693878333333,31.287860666666667,1
121.49692166666667,31.287862466666667,1
121.49690561666667,31.287873883333333,1
121.49688303333333,31.287886683333333,1
121.496861,31.287898,1
121.49684923333334,31.287907133333334,1
121.49683541666667,31.287915433333332,1
121.49682191666666,31.2879252,1
121.49680751666666,31.2879345,1
121.49679591666667,31.287940916666667,1
121.49672363333333,31.287948783333334,1
121.49668896666667,31.287948916666668,1
121.49665516666667,31.287949816666668,1
121.4966312,31.287953433333332,1
121.4966136,31.28796235,1
121.49659818333333,31.287971916666667,1
121.49658423333334,31.287978716666668,1
121.49656375,31.287985366666668,1
121.49653973333334,31.287990216666667,1
121.4965094,31.287994083333334,1
121.49648238333333,31.288000166666667,1
121.4964611,31.288009166666665,1
121.49644281666667,31.288018366666666,1
121.4964254,31.288028766666667,1
121.49640291666667,31.288037883333335,1
121.49637611666667,31.288044133333333,1
121.49634411666666,31.288049983333334,1
121.4963111,31.288055066666665,1
121.49628378333334,31.2880591,1
121.49625598333333,31.288059166666667,1
121.49622306666667,31.288060066666667,1
121.4961936,31.288065066666668,1
121.49617016666667,31.288071516666665,1
121.49615191666666,31.288078933333335,1
121.49613148333333,31.288091666666666,1
121.4961039,31.288103883333335,1
121.49607061666667,31.288110133333333,1
121.49603933333333,31.2881107,1
121.49601138333334,31.288106966666668,1
121.49598076666666,31.28810325,1
121.49594266666666,31.288097216666667,1
121.49590421666667,31.288091916666666,1
121.49586121666667,31.2880831,1
121.49582911666667,31.288081016666666,1
121.4958051,31.288082216666666,1
121.49577498333333,31.288080116666666,1
121.49573681666666,31.2880769,1
121.49569283333334,31.288071716666668,1
121.49564996666666,31.288065566666667,1
121.49561213333334,31.288060883333333,1
121.49557795,31.288059533333332,1
121.49553905,31.2880592,1
121.49549916666666,31.288058566666667,1
121.49545735,31.288056983333334,1
121.49541833333333,31.288052483333335,1
121.49538331666666,31.288045816666667,1
121.49535176666667,31.288039016666666,1
121.49532691666667,31.28803305,1
121.49530418333333,31.28802785,1
121.49528006666667,31.288016833333334,1
121.49525378333334,31.28800575,1
121.49522886666666,31.287993133333334,1
121.49520581666667,31.287978850000002,1
121.49518601666666,31.287961033333332,1
121.49516848333333,31.287936716666668,1
121.49515811666667,31.287908283333334,1
121.49515426666666,31.287879033333333,1
121.49515106666666,31.287849833333333,1
121.49514651666667,31.2878225,1
121.49514288333333,31.287796216666667,1
121.49514238333333,31.2877697,1
121.495143,31.287743133333333,1
121.49513786666667,31.28771645,1
121.49512453333334,31.2876927,1
121.49510538333334,31.287670566666666,1
121.4950857,31.287647316666668,1
121.49507041666666,31.28762165,1
121.49505908333333,31.287593616666665,1
121.4950476,31.2875658,1
121.49503423333333,31.287540983333333,1
121.49501678333333,31.287518883333334,1
121.49499858333333,31.287498133333333,1
121.49498318333333,31.287476466666668,1
121.49496938333333,31.28745245,1
121.49495781666667,31.28742808333333,1
121.49494986666667,31.28740416666667,1
121.4949422,31.287383816666665,1
121.49493466666667,31.28736371666667,1
121.49492536666666,31.287341783333332,1
121.49491768333333,31.2873186,1
121.49491191666667,31.28729575,1
121.49490268333334,31.28727135,1
121.49489136666666,31.287248066666667,1
121.49487821666666,31.287224533333333,1
121.49486476666667,31.2872015,1
121.49485143333334,31.287179783333332,1
121.49483888333333,31.287159266666666,1
121.49482841666666,31.287137966666666,1
121.49481981666666,31.287114433333333,1
121.49481288333334,31.287089866666665,1
121.49480528333333,31.287065,1
121.49479491666666,31.287041666666667,1
121.49478263333333,31.2870196,1
121.49476748333333,31.286996133333332,1
121.49475528333333,31.286971783333332,1
121.49474921666666,31.286949116666666,1
121.49475033333333,31.286928516666666,1
121.49476273333333,31.286909483333332,1
121.49478528333333,31.286890683333333,1
121.49481033333333,31.286876666666668,1
121.494836,31.286864016666666,1
121.49486423333333,31.286850616666666,1
121.49489418333333,31.286839966666665,1
121.49492553333333,31.286826366666666,1
121.49495785,31.286812533333332,1
121.49498638333333,31.286797316666668,1
121.49501028333333,31.286782516666666,1
121.49502746666667,31.286766216666667,1
121.49503065,31.286742583333332,1
121.49501581666667,31.286717666666668,1
121.49499293333334,31.286695266666666,1
121.49496548333333,31.286676983333333,1
121.4949498,31.2866579,1
121.49494658333333,31.286636383333335,1
121.49494766666666,31.286617166666666,1
121.49494691666666,31.286600216666667,1
121.49495271666666,31.286583733333334,1
121.49497095,31.286566233333332,1
121.49499656666667,31.286551883333335,1
121.49502453333334,31.28654155,1
121.49505401666667,31.286530666666668,1
121.49508161666667,31.286519283333334,1
121.49510663333334,31.286506483333334,1
121.49513045,31.28649185,1
121.49515666666667,31.286477666666666,1
121.49518398333333,31.286463733333335,1
121.49521366666667,31.286450733333332,1
121.4952433,31.286439183333332,1
121.49527386666666,31.2864283,1
121.49530138333333,31.286417816666667,1
121.49532891666667,31.286407133333334,1
121.49535938333334,31.286397516666668,1
121.49539166666666,31.286387416666667,1
121.49542251666666,31.286376866666668,1
121.4954508,31.286366116666667,1
121.49547828333333,31.286354216666666,1
121.495505,31.28634063333333,1
121.49553003333334,31.286324366666665,1
121.49555276666666,31.286304033333334,1
121.49557121666666,31.286280783333332,1
121.49558061666667,31.2862572,1
121.49558486666666,31.286232966666667,1
121.49558371666667,31.286206066666665,1
121.49558083333334,31.286180583333334,1
121.49557623333334,31.286155733333334,1
121.49557068333333,31.286131333333334,1
121.49556398333333,31.28610725,1
121.49555901666666,31.28608345,1
121.49555498333334,31.286063166666665,1
121.49555341666667,31.286045433333335,1
121.49555478333333,31.286027266666668,1
121.49556283333334,31.286007816666668,1
121.4955766,31.285989216666668,1
121.49559891666667,31.285970183333333,1
121.49562418333333,31.285951066666666,1
121.49564846666667,31.285931783333332,1
121.49566891666667,31.285911883333334,1
121.49568588333334,31.2858923,1
121.49570385,31.28587175,1
121.49572441666666,31.28584935,1
121.49574311666667,31.285830533333332,1
121.49576151666666,31.285811783333333,1
121.49578133333333,31.285793866666666,1
121.49580201666667,31.285778216666667,1
121.49582521666666,31.285767283333332,1
121.49584821666667,31.285755316666666,1
121.49587181666666,31.2857415,1
121.49589773333334,31.285725483333334,1
121.49592393333333,31.285711183333333,1
121.49595066666667,31.285698566666667,1
121.49597793333334,31.285687616666667,1
121.49600428333333,31.285677466666666,1
121.4960331,31.285666516666666,1
121.49606173333333,31.285656083333333,1
121.49608891666666,31.285647483333335,1
121.4961157,31.2856367,1
121.49614103333333,31.285626783333335,1
121.49616258333333,31.285617883333334,1
121.49618545,31.285609133333335,1
121.49621295,31.28559895,1
121.49624238333334,31.285589166666668,1
121.4962682,31.285580916666667,1
121.49629136666667,31.285574116666666,1
121.49631561666666,31.285566533333334,1
121.49634038333333,31.285558966666667,1
121.49636618333334,31.28555143333333,1
121.49639298333334,31.285540716666667,1
121.49642155,31.28552955,1
121.49644858333333,31.28551755,1
121.49647616666667,31.285505583333332,1
121.4965042,31.285496316666666,1
121.49653156666666,31.285486116666668,1
121.49655821666667,31.285477433333334,1
121.49658561666666,31.28546725,1
121.49661216666667,31.285456933333332,1
121.49663821666667,31.285447783333332,1
121.49666476666667,31.28543871666667,1
121.4966915,31.285428116666665,1
121.49671606666666,31.285418283333332,1
121.49674016666667,31.285408333333333,1
121.49676458333333,31.285398866666668,1
121.49679258333333,31.285388633333334,1
121.49682361666666,31.285378766666668,1
121.49685611666666,31.285369,1
121.49688666666667,31.285358183333333,1
121.49691693333334,31.285347933333334,1
121.49695116666666,31.285340666666666,1
121.49698456666667,31.285334383333332,1
121.49701656666667,31.285327666666667,1
121.49704713333334,31.285319716666667,1
121.49707551666667,31.285310933333335,1
121.49710178333333,31.285302933333334,1
121.49712866666667,31.285294383333333,1
121.49715211666667,31.285285983333335,1
121.49717543333334,31.285276216666666,1
121.4972018,31.285264416666667,1
121.49722913333333,31.285252216666667,1
121.49725618333333,31.285239983333334,1
121.49728198333334,31.285226783333332,1
121.4973046,31.2852141,1
121.49732531666666,31.285203266666667,1
121.49734348333334,31.285194033333333,1
121.49736733333333,31.28518315,1
121.49739551666667,31.285171116666668,1
121.49742171666666,31.285158883333335,1
121.49744905,31.28514715,1
121.49747588333334,31.285136366666666,1
121.49749863333334,31.285127266666667,1
121.4975222,31.285117583333335,1
121.49754763333334,31.285104366666665,1
121.49757481666667,31.285091666666666,1
121.4976043,31.285081016666666,1
121.49763436666667,31.285072633333332,1
121.49766471666666,31.285066783333335,1
121.49769176666666,31.285058416666665,1
121.49771758333333,31.2850489,1
121.4977447,31.285041833333334,1
121.49777046666667,31.285035416666666,1
121.49779551666667,31.285028433333334,1
121.49782035,31.2850205,1
121.49784555,31.285013883333335,1
121.49787323333334,31.285006083333332,1
121.49790178333333,31.284997483333335,1
121.49792345,31.28498945,1
121.49794388333333,31.284978283333334,1
121.49796428333333,31.284965133333333,1
121.49798421666667,31.284950766666668,1
121.49800366666666,31.284935916666665,1
121.49802093333334,31.284916683333332,1
121.49803748333333,31.284899033333332,1
121.49805736666667,31.284881616666667,1
121.4980833,31.28486695,1
121.4981078,31.284855566666668,1
121.49813236666667,31.284845616666665,1
121.49815558333333,31.28483895,1
121.49818328333333,31.284831683333334,1
121.49821616666667,31.28482335,1
121.49824818333333,31.2848138,1
121.4982797,31.284803633333333,1
121.49830823333333,31.284794016666666,1
121.49833486666667,31.28478378333333,1
121.49836093333333,31.284773983333334,1
121.49838498333334,31.284763533333333,1
121.49840966666666,31.284752066666666,1
121.49843728333333,31.2847397,1
121.49846376666666,31.284727466666666,1
121.49848723333334,31.2847167,1
121.49851116666666,31.284705816666666,1
121.49853246666666,31.284695783333333,1
121.49855426666667,31.284686383333334,1
121.49857526666666,31.284676416666667,1
121.49859906666667,31.284666533333333,1
121.49862638333333,31.284658516666667,1
121.4986552,31.284653116666668,1
121.49868471666667,31.2846476,1
121.49871263333333,31.284640283333335,1
121.49874121666667,31.2846309,1
121.4987675,31.284619916666667,1
121.49879006666667,31.284610466666667,1
121.49881281666667,31.2846018,1
121.49883211666666,31.284593066666666,1
121.49885233333333,31.284583183333332,1
121.49887478333333,31.284572716666666,1
121.49889788333333,31.284563533333333,1
121.49892135,31.284553833333334,1
121.49894101666666,31.28454525,1
121.49896101666667,31.28453615,1
121.49898631666667,31.284527666666666,1
121.49901436666667,31.284519316666668,1
121.49904013333334,31.284510983333334,1
121.4990641,31.284503883333333,1
121.49908778333334,31.284492416666666,1
121.4991125,31.284479933333333,1
121.49913776666666,31.284468583333332,1
121.49916078333334,31.284460783333333,1
121.49917951666667,31.284458333333333,1
121.49919973333333,31.284452866666665,1
121.49922503333333,31.28444663333333,1
121.49924918333333,31.284440383333333,1
121.49927211666666,31.284437066666666,1
121.49929551666666,31.284436133333333,1
121.49931683333334,31.284441633333333,1
121.49932871666667,31.28445,1
121.49932998333334,31.284455366666666,1
121.49932851666667,31.284457116666665,1
121.49933006666667,31.284459283333334,1
121.49933251666667,31.28446225,1
121.49933695,31.284463533333334,1
121.49934013333333,31.284464916666668,1
121.49934426666667,31.284465383333334,1
121.49934628333334,31.284463866666666,1
121.49934788333333,31.28446335,1
121.49935046666667,31.284463883333334,1
121.49934911666666,31.284467533333334,1
121.49934588333333,31.2844724,1
121.49934318333334,31.284475066666666,1
121.49934111666667,31.28447621666667,1
121.4993338,31.284478083333333,1
121.49932143333334,31.284479583333333,1
121.4993085,31.2844796,1
121.4993004,31.284478566666667,1
121.49929353333333,31.284477716666668,1
121.4992862,31.284478733333334,1
121.49927373333334,31.284481583333335,1
121.4992583,31.284483983333335,1
121.49924458333334,31.284485683333333,1
121.49923371666667,31.284488816666666,1
121.4992247,31.284491566666667,1
121.49921215,31.284497666666667,1
121.49919813333334,31.284503616666665,1
121.49918578333333,31.284508566666666,1
121.4991722,31.284515216666666,1
121.49915951666667,31.284521933333334,1
121.4991473,31.284526166666666,1
121.49913435,31.284530216666667,1
121.49912076666666,31.284534183333335,1
121.49910415,31.284538066666666,1
121.49908693333333,31.284541316666665,1
121.49907088333333,31.2845436,1
121.49905523333334,31.2845473,1
121.49903985,31.28455305,1
121.49902658333333,31.284559333333334,1
121.49901711666666,31.284569466666667,1
121.49901106666667,31.28457775,1
121.4990081,31.284582883333332,1
121.499005,31.284586316666665,1
121.4990031,31.28458931666667,1
121.49900243333333,31.284594816666665,1
121.49900298333333,31.28460085,1
121.49900373333334,31.284605633333335,1
121.49954446666666,31.284312033333332,1
121.49958228333334,31.284317583333333,1
121.49960188333333,31.284346483333334,1
121.49965193333334,31.284382333333333,1
121.49968286666666,31.284412966666668,1
121.4997013,31.284440716666666,1
121.49971138333333,31.284462833333333,1
121.49971741666667,31.2844843,1
121.49972591666666,31.284509783333334,1
121.49973713333333,31.284535466666668,1
121.49974878333333,31.284561016666668,1
121.49975955,31.28458695,1
121.49977138333334,31.284611833333333,1
121.49978258333333,31.284632883333334,1
121.49979443333334,31.284650833333334,1
121.49980406666667,31.28466493333333,1
121.49981391666667,31.2846776,1
121.4998218,31.284685583333335,1
121.4998354,31.284688733333333,1
121.4998527,31.284689466666666,1
121.49987028333334,31.284688466666665,1
121.49988831666667,31.284687483333332,1
121.49990503333333,31.284686233333332,1
121.49992088333333,31.284684866666666,1
121.49993583333334,31.284681733333333,1
121.49995116666666,31.284679133333334,1
121.49996286666666,31.284677033333335,1
121.49997281666667,31.28467656666667,1
121.49999103333333,31.284672716666666,1
121.50000806666667,31.284666883333333,1
121.50001903333333,31.2846621,1
121.50002976666667,31.284656133333332,1
121.50004225,31.28465025,1
121.50005638333333,31.28464445,1
121.50007208333334,31.284639783333333,1
121.50008731666667,31.284634716666666,1
121.50010291666666,31.2846301,1
121.50011886666667,31.284624066666666,1
121.50013393333333,31.284618283333334,1
121.5001474,31.2846141,1
121.50016235,31.28460895,1
121.50017735,31.2846025,1
121.50019258333333,31.284596183333335,1
121.5002071,31.284591566666666,1
121.50022191666666,31.284587233333333,1
121.50023701666667,31.284583483333332,1
121.50025038333334,31.284579883333333,1
121.50026028333333,31.284574766666665,1
121.5002704,31.284568533333335,1
121.50028216666666,31.284561233333335,1
121.50029446666667,31.284555066666666,1
121.50030628333333,31.284549683333335,1
121.50031781666667,31.28454545,1
121.5003313,31.28454015,1
121.50034511666667,31.284534166666667,1
121.50035745,31.28452815,1
121.50037045,31.284520783333335,1
121.50038088333334,31.28451421666667,1
121.50039256666666,31.284509033333332,1
121.50040511666667,31.284504316666666,1
121.50041683333333,31.284500133333335,1
121.50043188333333,31.2844963,1
121.50044568333334,31.284491883333335,1
121.50045848333333,31.284486716666667,1
121.50047035,31.2844796,1
121.50048323333333,31.284472016666665,1
121.50049646666666,31.284462866666665,1
121.50051023333333,31.284455983333334,1
121.50052286666667,31.284450716666665,1
121.50053581666667,31.284445716666667,1
121.50055018333333,31.28444,1
121.50056346666666,31.284435616666666,1
121.50057503333333,31.284430733333334,1
121.50058796666667,31.284424066666666,1
121.50060136666667,31.284416616666668,1
121.50061678333333,31.2844094,1
121.50063316666666,31.2844024,1
121.50064531666666,31.28439626666667,1
121.50065566666666,31.28438978333333,1
121.50066998333334,31.284382233333332,1
121.50068401666667,31.284373516666665,1
121.50069753333334,31.284366533333333,1
121.50070798333333,31.284361383333334,1
121.50071881666666,31.284357883333332,1
121.50073291666666,31.28435483333333,1
121.50074973333334,31.28435325,1
121.50076566666667,31.284351333333333,1
121.50077885,31.284351516666668,1
121.50078958333333,31.284354683333333,1
