221483.4277,217541.3367,480.7289
221483.4384,217541.3517,480.7276
221483.3460,217541.2713,480.7459
221483.3992,217541.2718,480.7318
221483.3828,217541.2957,480.7305
221483.3894,217541.3122,480.7294
221483.4079,217541.3819,480.7289
221483.4164,217541.3977,480.7286
221483.3087,217541.1335,480.8695
221483.3753,217541.1866,480.7992
221483.2837,217541.0477,480.9556
221483.2905,217541.1019,480.9040
221483.2934,217541.1196,480.8856
221483.2871,217541.0653,480.9365
221483.2852,217541.0848,480.9207
221483.2806,217541.0108,480.9891
221483.2879,217541.0273,480.9703
221483.3416,217541.2541,480.7605
221483.4936,217541.5019,480.7276
221483.5994,217541.7132,480.7151
221483.6098,217541.6866,480.7222
221483.6114,217541.7048,480.7212
221483.5656,217541.7407,480.7193
221483.6927,217541.8566,480.7126
221483.6466,217541.7580,480.7104
221483.6478,217541.8929,480.7105
221483.7107,217541.8937,480.7122
221483.6939,217541.9193,480.7107
221482.9830,217540.4842,481.9776
221483.1691,217540.8220,481.2439
221483.2063,217540.8296,481.2174
221483.1948,217540.8515,481.1947
221483.1638,217540.8798,481.1803
221483.2939,217540.9876,481.0033
221483.1223,217540.7430,481.3750
221483.0854,217540.7357,481.4100
221483.1519,217540.7156,481.3951
221483.1511,217540.8091,481.2711
221483.2151,217540.9746,481.4015
221483.2672,217540.9025,481.4003
221483.0665,217540.4974,481.8515
221483.0568,217540.4631,481.9424
221483.0536,217540.4825,481.8986
221483.0126,217540.4943,481.9158
221483.0202,217540.4736,481.9598
221483.0401,217540.4489,481.9974
221483.0205,217540.5107,481.8685
221483.0800,217540.5305,481.8363
221483.0642,217540.5721,481.8376
221483.1091,217540.7275,481.8391
221483.0437,217540.6347,481.8380
221483.0798,217540.6613,481.8380
221483.1505,217540.7333,481.8393
221483.1566,217540.8436,481.8387
221483.1775,217540.8926,481.8395
221483.2644,217540.9766,481.8447
221483.3372,217541.1232,481.2276
221483.3057,217541.1712,481.2056
221483.2829,217541.1600,481.2123
221483.2807,217541.1419,481.2420
221483.3235,217541.1278,481.2087
221483.4095,217541.2486,481.1778
221483.4833,217541.3720,481.7974
221483.4697,217541.3768,481.7793
221483.9423,217542.3679,480.6925
221483.9292,217542.4115,480.6920
221483.9401,217542.4837,480.6919
221483.8582,217542.1918,480.8048
221483.7772,217542.2247,480.9580
221483.8318,217542.1833,480.9622
221483.8602,217542.1908,480.9467
221483.9853,217542.5994,480.5817
221483.9690,217542.6064,480.6158
221483.9843,217542.5998,480.5996
221483.9402,217542.5026,480.6921
221483.9657,217542.5884,480.6924
221482.9370,217540.3653,482.5812
221482.9771,217540.4486,482.0852
221482.9684,217540.4693,482.0323
221482.9871,217540.4267,482.1391
221482.9509,217540.4370,482.1569
221482.9781,217540.4108,482.2077
221482.9483,217540.4192,482.2255
221482.9835,217540.3712,482.3661
221482.9825,217540.3905,482.2794
221482.9629,217540.3960,482.2974
221482.9395,217540.4026,482.3155
221482.9992,217540.3480,482.4906
221482.9245,217540.3875,482.4565
221482.9368,217540.3842,482.4205
221482.9539,217540.3794,482.4023
221482.9645,217540.3765,482.3841
221482.9281,217540.3866,482.4386
221482.9164,217540.3709,482.6178
221482.9258,217540.3683,482.5993
221482.9505,217540.3615,482.5630
221482.9753,217540.3546,482.5270
221482.9838,217540.3523,482.5087
221482.9608,217540.3587,482.5450
221482.9754,217540.3355,482.7186
221482.9946,217540.3302,482.6464
221482.9812,217540.3339,482.6824
221482.9909,217540.3312,482.6645
221482.9799,217540.3342,482.7004
221482.9694,217540.3371,482.7364
221482.9557,217540.3407,482.8261
221482.9546,217540.3409,482.8620
221482.9613,217540.3392,482.7722
221482.9649,217540.3383,482.7544
221482.9569,217540.3404,482.8084
221482.9568,217540.3405,482.7903
221482.9554,217540.3407,482.8439
221482.9650,217540.3378,482.9509
221482.9601,217540.3393,482.8978
221482.9571,217540.3401,482.8797
221482.9661,217540.3375,482.9330
221482.9613,217540.3389,482.9153
221482.9703,217540.3362,482.9685
221482.9872,217540.3315,482.9859
221483.0069,217540.4402,482.0678
221483.0391,217540.4310,482.0499
221483.0032,217540.4594,482.0148
221483.0157,217540.4187,482.1214
221483.0041,217540.4035,482.1898
221483.0040,217540.3654,482.3482
221483.0045,217540.3844,482.2616
221482.9354,217540.3649,483.0646
221482.9437,217540.3625,483.0818
221482.9649,217540.3565,483.1165
221482.9190,217540.3696,483.0294
221482.9108,217540.3719,483.0119
221482.9277,217540.3671,483.0470
221482.9529,217540.3599,483.0991
221482.9829,217540.3514,483.1514
221482.9732,217540.3541,483.1338
221482.9996,217540.3466,483.1684
221482.9672,217540.3930,483.2092
221482.9563,217540.3770,483.2432
221482.9921,217540.3669,483.2765
221482.9723,217540.3725,483.2600
221482.9383,217540.4000,483.2991
221482.9326,217540.4025,483.3193
221482.9496,217540.3976,483.3358
221482.9671,217540.3927,483.3525
221482.9931,217540.3853,483.3686
221482.9619,217540.4129,483.4248
221482.9399,217540.4191,483.4082
221482.9890,217540.4051,483.4405
221482.9699,217540.4288,483.4990
221482.9883,217540.4422,483.5693
221482.9822,217540.4620,483.6250
221482.9545,217540.4519,483.5541
221482.9949,217540.4216,483.5148
221482.9841,217540.4802,483.6775
221482.9755,217540.5010,483.7246
221482.9875,217540.5347,483.8190
221483.0134,217540.3611,483.2037
221483.0123,217540.3612,483.2931
221483.0101,217540.3991,483.4569
221483.0134,217540.3795,483.3849
221483.0178,217540.4337,483.5850
221483.0152,217540.4158,483.5311
221483.0354,217540.4100,483.5474
221483.0459,217540.4623,483.7078
221483.0109,217540.4538,483.6405
221483.0474,217540.4432,483.6557
221483.0159,217540.4710,483.6926
221483.0098,217540.4910,483.7392
221483.0441,217540.4811,483.7547
221483.0434,217540.4997,483.7967
221483.0100,217540.5002,483.7490
221483.0212,217540.5249,483.8341
221483.0612,217540.5132,483.8478
221483.0052,217540.5108,483.7824
221483.0214,217540.5434,483.8744
221483.0184,217540.5813,483.9495
221483.0197,217540.5621,483.9109
221483.0603,217540.5501,483.9250
221483.0647,217540.5308,483.8881
221483.0594,217540.5692,483.9632
221483.0190,217540.5997,483.9867
221484.0108,217542.5883,480.5666
221484.0407,217542.6518,480.5624
221484.0545,217542.6648,480.5627
221484.0947,217542.8212,480.5635
221484.0774,217542.7714,480.5634
221484.1027,217542.7984,480.5633
221484.1862,217542.9549,480.5638
221484.1310,217542.9018,480.5644
221484.1500,217542.9324,480.5641
221484.1858,217542.9355,480.5636
221484.2160,217543.0380,480.5636
221484.2495,217543.0611,480.5639
221484.2179,217543.1346,480.6432
221484.2375,217543.1835,480.6913
221484.2944,217543.1955,480.6920
221484.3042,217543.1714,480.6909
221484.2996,217543.2321,480.6928
221484.3253,217543.3182,480.6950
221484.3143,217543.3042,480.6942
221484.4040,217543.5169,480.8067
221484.4694,217543.5624,480.9630
221484.5725,217543.8269,480.7150
221484.5866,217543.8392,480.7157
221484.6060,217543.8694,480.7166
221484.6109,217543.9476,480.7188
221484.6319,217543.9556,480.7215
221483.0769,217540.6197,484.0718
221483.0265,217540.6160,484.0236
221483.0633,217540.5865,484.0003
221483.1036,217540.5746,484.0137
221483.1137,217540.5901,484.0501
221483.0670,217540.6039,484.0372
221483.0294,217540.6339,484.0591
221483.0526,217540.6455,484.0978
221483.0995,217540.6315,484.1106
221483.0545,217540.6640,484.1291
221483.0574,217540.6813,484.1594
221483.0997,217540.6504,484.1420
221483.0889,217540.7470,484.1286
221483.2129,217540.8212,484.1361
221483.1394,217540.7505,484.1439
221483.2092,217540.8031,484.1287
221483.1873,217540.8470,484.2805
221483.1739,217540.8512,484.2642
221483.1389,217540.7873,484.2538
221483.1299,217540.8092,484.2551
221483.1616,217540.9112,484.2562
221483.2204,217540.9109,484.2677
221483.2212,217540.9106,484.2858
221483.1814,217540.8302,484.4464
221483.1662,217540.8161,484.4218
221483.1268,217540.8473,484.4355
221483.1555,217540.8565,484.4651
221483.1619,217540.8732,484.4877
221483.2165,217540.8374,484.4751
221483.2199,217540.8549,484.4978
221483.2173,217540.8745,484.5172
221483.1542,217540.8944,484.5078
221483.1548,217540.9127,484.5289
221483.2149,217540.8937,484.5386
221483.2122,217540.9131,484.5579
221483.2169,217540.9302,484.5779
221483.2060,217540.9485,484.5838
221483.2140,217540.9681,484.6180
221483.2130,217540.9498,484.5972
221483.2123,217540.9874,484.6342
221483.2483,217540.9944,484.6592
221483.2713,217540.9683,484.6436
221483.2637,217541.0272,484.6980
221483.2059,217541.0269,484.6701
221483.2203,217541.0601,484.7091
221483.2381,217541.0918,484.7459
221483.2301,217541.0756,484.7269
221483.2814,217541.0401,484.7179
221483.2911,217541.0556,484.7355
221483.2658,217541.0075,484.6794
221483.2485,217541.1072,484.7643
221483.3019,217541.0709,484.7541
221483.2584,217541.1226,484.7827
221483.3168,217541.0847,484.7719
221483.3377,217541.1151,484.8066
221483.3246,217541.1007,484.7904
221483.2816,217541.1899,484.8480
221483.2674,217541.1385,484.7998
221483.3026,217541.1452,484.8192
221483.2887,217541.1691,484.8334
221483.3600,217541.1453,484.8403
221483.3560,217541.1650,484.8546
221483.3140,217541.1981,484.8665
221483.3356,217541.2095,484.8825
221483.3634,217541.2189,484.8996
221483.4040,217541.2422,484.9328
221483.3870,217541.2294,484.9143
221483.3958,217541.3194,484.9830
221483.3435,217541.2628,484.9244
221483.3659,217541.2737,484.9405
221483.3708,217541.3471,484.9942
221483.3910,217541.2835,484.9557
221483.4059,217541.2973,484.9703
221483.3937,217541.3580,485.0083
221483.4380,217541.3617,485.0237
221483.3908,217541.3969,485.0333
221483.4343,217541.4006,485.0467
221483.4647,217541.4087,485.0609
221483.4261,217541.4409,485.0697
221483.4256,217541.4791,485.0931
221483.4550,217541.4498,485.0831
221483.4411,217541.4923,485.1048
221483.4537,217541.5065,485.1162
221483.4642,217541.5402,485.1377
221483.4579,217541.5785,485.1497
221483.4787,217541.5729,485.1590
221483.4942,217541.6052,485.1800
221483.4951,217541.6429,485.1994
221483.5396,217541.6075,485.1908
221483.5073,217541.5061,485.1295
221483.5182,217541.5397,485.1513
221483.5281,217541.5741,485.1715
221483.5289,217541.6873,485.2280
221483.5813,217541.6301,485.2116
221483.5851,217541.6478,485.2203
221483.5957,217541.6817,485.2392
221483.5661,217541.7112,485.2465
221483.5416,217541.7395,485.2541
221483.5924,217541.7392,485.2640
221483.6564,217541.8283,485.3125
221483.6244,217541.8594,485.3187
221483.5676,217541.7673,485.2714
221483.6246,217541.7650,485.2807
221483.6004,217541.7929,485.2876
221483.5845,217541.8367,485.3023
221483.6483,217541.8475,485.3168
221483.6414,217541.7962,485.2971
221483.6646,217541.8062,485.3053
221483.6748,217541.8567,485.3245
221483.6152,217541.8821,485.3250
221483.6864,217541.9678,485.3739
221483.6809,217541.8759,485.3324
221483.6572,217541.8825,485.3303
221483.6583,217541.9035,485.3395
221483.6790,217541.8937,485.3383
221483.6413,217541.9292,485.3451
221483.6929,217541.9076,485.3453
221483.7043,217541.9224,485.3533
221483.7038,217541.9419,485.3669
221483.7209,217541.9738,485.3815
221483.8948,217542.4570,485.5107
221483.6981,217542.0018,485.3880
221483.7202,217542.0126,485.3938
221483.6958,217542.0408,485.3991
221483.7335,217542.0449,485.4059
221483.7299,217542.0653,485.4112
221483.7027,217542.1140,485.4216
221483.7121,217542.1293,485.4266
221483.7492,217542.1524,485.4370
221483.7568,217542.0735,485.4167
221483.7877,217542.0800,485.4230
221483.7965,217542.0955,485.4280
221483.7924,217542.2116,485.4558
221483.7542,217542.1315,485.4329
221483.7906,217542.1547,485.4422
221483.7710,217542.1817,485.4468
221483.8100,217542.1853,485.4517
221483.8348,217542.2139,485.4610
221483.8488,217542.2271,485.4659
221483.7676,217542.2605,485.4641
221483.8004,217542.2665,485.4692
221483.8537,217542.2638,485.4735
221483.8476,217542.2854,485.4778
221483.8152,217542.3370,485.4851
221483.8217,217542.3153,485.4815
221483.8553,217542.3397,485.4889
221483.8384,217542.3658,485.4918
221483.8912,217542.3631,485.4958
221483.8908,217542.3823,485.4988
221483.9817,217542.6901,485.0271
221483.9967,217542.7224,485.0047
221483.8933,217542.4770,485.5134
221483.9612,217542.4673,485.5152
221483.8502,217542.4187,485.5015
221483.8694,217542.4644,485.5042
221483.9313,217542.3845,485.5030
221483.8928,217542.4196,485.5044
221483.9203,217542.4271,485.5079
221483.9514,217542.4905,485.5181
221483.9315,217542.6153,485.5285
221483.9158,217542.5250,485.5197
221483.9115,217542.5459,485.5217
221483.9722,217542.5393,485.5240
221483.9928,217542.5496,485.5262
221483.9578,217542.5844,485.5271
221484.0098,217542.6972,485.0182
221484.0130,217542.7319,485.0042
221484.0126,217542.7352,485.0152
221484.0806,217542.7243,485.0310
221484.0185,217542.5773,485.5289
221484.0212,217542.6145,485.5315
221484.0874,217542.7204,485.5381
221484.1338,217542.8730,485.5387
221484.0472,217542.8158,485.5395
221484.0534,217542.7552,485.5387
221484.0414,217542.7799,485.5383
221484.0585,217542.7913,485.5391
221484.0563,217542.8308,485.5399
221484.1196,217542.8216,485.5392
221484.1217,217542.8397,485.5388
221484.1113,217542.8641,485.5386
221484.1122,217542.9026,485.5376
221484.0897,217542.9326,485.5365
221484.1224,217542.9571,485.5349
221484.1423,217542.9675,485.5339
221484.1309,217542.9334,485.5356
221484.1366,217542.9896,485.5325
221484.2978,217543.2254,485.4990
221484.2710,217543.2580,485.4954
221484.2739,217543.2765,485.4927
221484.3086,217543.2794,485.4888
221484.3164,217543.2955,485.4860
221484.3402,217543.3033,485.4822
221484.3381,217543.3243,485.4784
221484.3607,217543.3325,485.4741
221484.3658,217543.3497,485.4703
221484.3347,217543.3846,485.4650
221484.3217,217543.4109,485.4612
221484.3279,217543.4275,485.4566
221484.3744,217543.4242,485.4526
221484.3500,217543.4764,485.4411
221484.3504,217543.4963,485.4375
221484.3920,217543.4355,485.4469
221484.4250,217543.6177,485.2559
221484.4520,217543.6636,485.3750
221484.4824,217543.6675,485.3686
221484.4878,217543.7440,485.3408
221484.4725,217543.7123,485.3545
221484.4787,217543.7291,485.3479
221484.4041,217543.5887,485.4051
221484.3755,217543.5035,485.4323
221484.3847,217543.5192,485.4275
221484.4190,217543.5215,485.4225
221484.4262,217543.5376,485.4164
221484.4196,217543.6005,485.3988
221484.4119,217543.5644,485.4105
221484.4663,217543.5961,485.3933
221484.4861,217543.6063,485.3883
221484.4047,217543.6482,485.3870
221484.4928,217543.8216,485.3102
221484.4708,217543.7729,485.3331
221484.5472,217543.9545,485.2418
221484.5850,217543.9943,485.2133
221484.5821,217543.9558,485.2334
221484.6264,217543.9118,485.2444
221484.6272,217543.9915,485.2049
221484.6589,217543.9948,485.1968
221484.6343,217543.9469,485.2258
221484.5031,217543.6767,485.3622
221484.5014,217543.7768,485.3257
221484.5303,217543.8214,485.3029
221484.5523,217543.8302,485.2950
221484.5161,217543.8693,485.2851
221484.6077,217543.8611,485.2705
221484.5960,217543.8268,485.2876
221484.5467,217543.7729,485.3197
221484.5248,217543.9055,485.2685
221484.5322,217543.8815,485.2775
221484.5367,217543.9197,485.2599
221484.6160,217543.8771,485.2623
221484.5683,217543.9227,485.2511
221484.1758,217543.0684,485.5255
221484.1423,217543.0451,485.5286
221484.1289,217543.0321,485.5305
221484.1408,217543.0068,485.5317
221484.2208,217543.0279,485.5264
221484.1688,217543.0667,485.5199
221484.1621,217543.0946,485.5226
221484.1829,217543.1239,485.5200
221484.2436,217543.0756,485.5207
221484.1871,217543.1416,485.5171
221484.2096,217543.1502,485.5151
221484.2033,217543.1728,485.5120
221484.2118,217543.1882,485.5098
221484.2122,217543.2080,485.5073
221484.2427,217543.2128,485.5041
221484.2261,217543.2406,485.5019
221484.6467,217544.0088,480.7269
221484.6313,217544.0376,480.7263
221484.7326,217544.1430,480.7291
221484.7639,217544.2276,480.7323
221484.7530,217544.1517,480.7297
221484.7386,217544.2621,480.7333
221484.7808,217544.3398,480.7375
221484.7765,217544.2608,480.7331
221484.7740,217544.2824,480.7330
221484.8485,217544.3618,480.7800
221484.7823,217544.3796,480.7660
221484.8083,217544.4263,480.8153
221484.8329,217544.4951,480.8803
221484.9500,217544.5692,480.9965
221484.9065,217544.5339,480.9448
221484.8394,217544.5117,480.8974
221484.8661,217544.5168,480.9119
221484.8502,217544.5462,480.9313
221484.9290,217544.5612,480.9802
221484.9327,217544.5997,481.0096
221484.8960,217544.6429,481.0428
221484.9192,217544.6497,481.0614
221484.9722,217544.6388,481.0754
221484.9562,217544.6899,481.1209
221484.9315,217544.7460,481.1691
221484.9483,217544.7151,481.1440
221484.9813,217544.7365,481.1855
221484.9709,217544.7846,481.2374
221484.9898,217544.8149,481.2869
221484.9017,217544.6799,481.6233
221484.8996,217544.6812,481.6055
221484.9669,217544.6615,481.5725
221484.9306,217544.7248,481.5355
221484.9375,217544.7001,481.5475
221484.9496,217544.6718,481.6608
221485.0008,217544.7454,481.2070
221485.0216,217544.8375,481.3353
221485.0070,217544.7833,481.2576
221485.0337,217544.8089,481.3066
221485.0575,217544.8360,481.3571
221485.0544,217544.9835,481.6987
221485.0400,217544.9715,481.7337
221485.0498,217544.9858,481.7699
221485.1150,217545.0092,481.6700
221485.1612,217545.0633,481.8260
221485.0960,217545.0835,481.8025
221485.1131,217545.0938,481.8427
221485.1401,217545.0556,481.7858
221485.1129,217545.1152,481.8931
221485.1538,217545.0892,481.8761
221485.1503,217545.1124,481.9302
221485.1089,217545.1388,481.9471
221485.1247,217545.1501,481.9974
221485.1600,217545.1275,481.9802
221484.9949,217544.8724,482.6196
221484.9670,217544.8054,482.6809
221484.9649,217544.8279,482.6591
221484.9953,217544.7674,482.7146
221484.9404,217544.7793,482.7367
221484.9342,217544.7620,482.8409
221484.9298,217544.7647,482.8232
221484.9829,217544.7535,482.7529
221484.9798,217544.7761,482.9465
221484.9603,217544.7670,482.9143
221485.0557,217544.9391,482.5918
221485.0036,217544.8880,482.6112
221485.0111,217544.9041,482.6033
221485.0454,217544.9667,482.5898
221485.0404,217544.9906,482.5904
221485.0247,217544.8335,482.6339
221485.0115,217544.7361,482.7694
221485.0099,217544.7369,482.8940
221485.1216,217545.1732,482.0499
221485.1433,217545.1806,482.0979
221485.1788,217545.1365,482.0328
221485.2025,217545.1426,482.0804
221485.1861,217545.1957,482.2349
221485.1883,217545.1727,482.1531
221485.2132,217545.1782,482.2173
221485.1808,217545.2207,482.3323
221485.1585,217545.2134,482.2532
221485.2261,217545.1915,482.2965
221485.1594,217545.2346,482.3507
221485.2026,217545.2067,482.3144
221485.1726,217545.2471,482.4485
221485.2278,217545.2115,482.3939
221485.1921,217545.2346,482.4303
221485.2103,217545.2228,482.4120
221485.2458,217545.2206,482.4972
221485.2306,217545.2305,482.5152
221485.2027,217545.2485,482.5517
221485.2162,217545.2397,482.5337
221485.1753,217545.2663,482.5884
221485.1667,217545.2718,482.6063
221485.1888,217545.2575,482.5702
221485.0961,217544.9756,483.2781
221485.1281,217544.9763,483.4013
221485.1243,217544.9998,483.6659
221485.1295,217544.9965,483.6476
221485.1718,217545.2029,483.3257
221485.1723,217545.2245,483.3703
221485.1294,217545.1022,483.4110
221485.2069,217545.1801,483.4842
221485.1955,217545.2094,483.3863
221485.1445,217545.0712,483.5376
221485.1869,217545.1501,483.6152
221485.1586,217545.1895,483.5303
221485.1582,217545.1686,483.6000
221485.0655,217545.0368,483.6356
221485.1186,217545.1725,483.6444
221485.1100,217545.1568,483.6995
221485.1519,217545.1511,483.6588
221485.1494,217545.0885,483.8213
221485.1279,217545.0813,483.8622
221485.1387,217545.1169,483.7711
221485.1603,217545.1055,483.7677
221485.1035,217545.0751,483.8952
221485.0907,217545.0409,483.9804
221485.0872,217545.0644,483.9377
221485.1319,217545.0571,483.9099
221485.1326,217545.0356,483.9503
221485.1359,217545.0124,483.9932
221484.9971,217544.8476,484.0847
221484.9121,217544.7108,484.3899
221484.9652,217544.6580,484.3868
221484.9800,217544.8578,484.3578
221484.9962,217544.9103,484.2728
221484.9874,217544.8110,484.4142
221484.9621,217544.8474,484.3819
221484.9992,217544.7619,484.4672
221484.9438,217544.7956,484.4578
221484.9716,217544.7995,484.4382
221484.7425,217544.2935,484.9981
221484.7437,217544.3540,484.9552
221484.7424,217544.3752,484.9392
221484.8606,217544.4967,484.7924
221484.8315,217544.4272,484.8677
221484.8291,217544.4698,484.8331
221484.8201,217544.4545,484.8504
221484.8772,217544.4629,484.8207
221484.8766,217544.4836,484.8028
221484.8104,217544.3361,484.9450
221484.7919,217544.2858,484.9866
221484.7752,217544.3154,484.9712
221484.8149,217544.3132,484.9606
221484.7698,217544.4214,484.8954
221484.7775,217544.3757,484.9276
221484.8077,217544.3788,484.9143
221484.8355,217544.3754,484.9016
221484.8250,217544.4102,484.8835
221484.9148,217544.7089,484.5705
221484.9175,217544.6859,484.5925
221484.8982,217544.6773,484.6121
221484.9462,217544.7314,484.5302
221484.9594,217544.7027,484.5527
221484.9762,217544.6720,484.5789
221484.9593,217544.6407,484.6202
221484.8589,217544.5557,484.7476
221484.8730,217544.5883,484.7106
221484.8719,217544.6095,484.6915
221484.8439,217544.5849,484.7268
221484.9356,217544.5717,484.6988
221484.8869,217544.6211,484.6736
221484.9531,217544.6025,484.6615
221484.9089,217544.5465,484.7340
221484.8922,217544.6388,484.6534
221484.9054,217544.6516,484.6339
221484.8815,217544.5216,484.7680
221484.8670,217544.5100,484.7843
221484.8080,217544.5033,484.8144
221485.0466,217544.8172,484.0965
221485.0576,217544.9982,484.0894
221485.1130,217544.9845,484.0652
221485.1051,217544.9684,484.1014
221485.0094,217544.9231,484.2448
221485.0253,217544.9762,484.1520
221485.0755,217544.9658,484.1282
221485.0752,217544.9451,484.1632
221485.0376,217544.9264,484.2203
221485.0850,217544.8970,484.2316
221485.0204,217544.8537,484.3372
221485.0344,217544.8659,484.3107
221485.0357,217544.8236,484.3680
221485.0583,217544.8928,484.2561
221485.0432,217544.8812,484.2845
221485.0127,217544.8165,484.3922
221485.1088,217545.0086,484.0267
221485.0637,217545.0374,484.0142
221485.0660,217545.0141,484.0534
221484.6823,217544.1230,485.1209
221484.7062,217544.1916,485.0740
221484.7154,217544.2068,485.0609
221484.7376,217544.2150,485.0503
221484.7404,217544.1516,485.0886
221484.6910,217544.1590,485.0972
221484.6157,217544.0997,485.1512
221484.6473,217544.1024,485.1430
221484.6396,217544.0257,485.1853
221484.6614,217544.0344,485.1757
221484.6811,217544.0436,485.1655
221484.6893,217544.0592,485.1554
221484.7116,217544.0865,485.1344
221484.7735,217544.2354,485.0273
221484.7747,217544.2144,485.0396
221484.7024,217544.2756,485.0222
221484.7041,217544.2543,485.0346
221484.7543,217544.2667,485.0110